1111111111111111000011001001101010001101
1111111111111000011110010110100011000000
1111111111110100011111111000010010000011
1111111111110100011111111000010010000011
1111111111111000011110011101010010101011
1111111111111111000011100100100011011111
0000000000000101111101100101010001100010
0000000000001010110011101000000110111000
0000000000001011111010011110101000000100
0000000000001000111001101000100110111110
0000000000000010110011110010011001011010
1111111111111011101111110000101110111111
1111111111110110001001111000100111100001
1111111111110011111101111011001011100011
1111111111110101111100010010010000101101
1111111111111011011001010001000011001000
0000000000000010011100001011010101010010
0000000000001000101001000100110101000011
0000000000001011110110101100101111111100
0000000000001010111101111011111010100010
0000000000000110010010011010101110011110
1111111111111111011011101110101001100000
1111111111111000110001100101011110101100
1111111111110100100111010111010100110100
1111111111110100011001001000100111010111
1111111111111000001011110100010001100110
1111111111111110101011011110110100100100
0000000000000101101000011000000010001100
0000000000001010101000101000110000011001
0000000000001011111101100000011011000111
0000000000001001001001101000100100010100
0000000000000011001011001110011101001001
1111111111111100000110100010001101100001
1111111111110110011000000111100101011111
1111111111110011111110101100101110110110
1111111111110101101111010101011001010111
1111111111111011000011000100100010010011
0000000000000010000100011010100000101100
0000000000001000010111111101101010111101
0000000000001011110010001001111100111010
0000000000001011000111100001111011101011
0000000000000110100110110101000010101011
1111111111111111110011111001010010010111
1111111111111001000101001001010101110010
1111111111110100101111100011010001000100
1111111111110100010011000111010001001111
1111111111110111111001101010110010011000
1111111111111110010011011110110011101000
0000000000000101010010110100101011100000
0000000000001010011100111111000110100111
0000000000001011111111110010010111111010
0000000000001001011001000011101010110111
0000000000000011100010011101010110000011
1111111111111100011101100010101001111101
1111111111110110100110111100010101001001
1111111111110100000000001101101000000110
1111111111110101100011000000111001011001
1111111111111010101101001011010100100000
0000000000000001101100100001001100011000
0000000000001000000110010101001101101000
0000000000001011101100111000101110110001
0000000000001011010000011100101110111100
0000000000000110111010110110101010001110
0000000000000000001100000110101101101001
1111111111111001011001001010111101010101
1111111111110100111000011110000100010101
1111111111110100001101110110000011000110
1111111111110111101000000010010101000011
1111111111111101111011100101011111010100
0000000000000100111100111011011101101101
0000000000001010010000101010100110101001
0000000000001100000001010011010001001010
0000000000001001100111111000011010100001
0000000000000011111001011101110010011111
1111111111111100110100110001100010110111
1111111111110110110110010111011011101100
1111111111110100000010011111100100111001
1111111111110101010111010111001111100111
1111111111111010010111100111111101110100
0000000000000001010100100001001011011100
0000000000000111110100001011101110011010
0000000000001011100110110111011000101001
0000000000001011011000101000101011001100
0000000000000111001110011010100001010100
0000000000000000100100010001010110100000
1111111111111001101101100101010001100010
1111111111110101000010000100000101011110
1111111111110100001001010011010000000100
1111111111110111010110111011001010111101
1111111111111101100011110100101010101110
0000000000000100100110101110111100111000
0000000000001010000011101101101111010011
0000000000001100000010000100110100011101
0000000000001001110110000111011000011111
0000000000000100010000001111010001000001
1111111111111101001100001101100110100110
1111111111110111000110010111011001000010
1111111111110100000101100001010111111100
1111111111110101001100010111111001001000
1111111111111010000010011010101110011110
0000000000000000111100011011011100100001
0000000000000111100001100010101101010101
0000000000001011100000000111101101111101
0000000000001011100000000111101101111101
0000000000000111100001100010101101010101
0000000000000000111100011011011100100001
1111111111111010000010011010101110011110
1111111111110101001100010111111001001000
1111111111110100000101100001010111111100
1111111111110111000110010111011001000010
1111111111111101001100001101100110100110
0000000000000100010000001111010001000001
0000000000001001110110000111011000011111
0000000000001100000010000100110100011101
0000000000001010000011101101101111010011
0000000000000100100110101110111100111000
1111111111111101100011110100101010101110
1111111111110111010110111011001010111101
1111111111110100001001010011010000000100
1111111111110101000010000100000101011110
1111111111111001101101100101010001100010
0000000000000000100100010001010110100000
0000000000000111001110011010100001010100
0000000000001011011000101000101011001100
0000000000001011100110110111011000101001
0000000000000111110100001011101110011010
0000000000000001010100100001001011011100
1111111111111010010111100111111101110100
1111111111110101010111010111001111100111
1111111111110100000010011111100100111001
1111111111110110110110010111011011101100
1111111111111100110100110001100010110111
0000000000000011111001011101110010011111
0000000000001001100111111000011010100001
0000000000001100000001010011010001001010
0000000000001010010000101010100110101001
0000000000000100111100111011011101101101
1111111111111101111011100101011111010100
1111111111110111101000000010010101000011
1111111111110100001101110110000011000110
1111111111110100111000011110000100010101
1111111111111001011001001010111101010101
0000000000000000001100000110101101101001
0000000000000110111010110110101010001110
0000000000001011010000011100101110111100
0000000000001011101100111000101110110001
0000000000001000000110010101001101101000
0000000000000001101100100001001100011000
1111111111111010101101001011010100100000
1111111111110101100011000000111001011001
1111111111110100000000001101101000000110
1111111111110110100110111100010101001001
1111111111111100011101100010101001111101
0000000000000011100010011101010110000011
0000000000001001011001000011101010110111
0000000000001011111111110010010111111010
0000000000001010011100111111000110100111
0000000000000101010010110100101011100000
1111111111111110010011011110110011101000
1111111111110111111001101010110010011000
1111111111110100010011000111010001001111
1111111111110100101111100011010001000100
1111111111111001000101001001010101110010
1111111111111111110011111001010010010111
0000000000000110100110110101000010101011
0000000000001011000111100001111011101011
0000000000001011110010001001111100111010
0000000000001000010111111101101010111101
0000000000000010000100011010100000101100
1111111111111011000011000100100010010011
1111111111110101101111010101011001010111
1111111111110011111110101100101110110110
1111111111110110011000000111100101011111
1111111111111100000110100010001101100001
0000000000000011001011001110011101001001
0000000000001001001001101000100100010100
0000000000001011111101100000011011000111
0000000000001010101000101000110000011001
0000000000000101101000011000000010001100
1111111111111110101011011110110100100100
1111111111111000001011110100010001100110
1111111111110100011001001000100111010111
1111111111110100100111010111010100110100
1111111111111000110001100101011110101100
1111111111111111011011101110101001100000
0000000000000110010010011010101110011110
0000000000001010111101111011111010100010
0000000000001011110110101100101111111100
0000000000001000101001000100110101000011
0000000000000010011100001011010101010010
1111111111111011011001010001000011001000
1111111111110101111100010010010000101101
1111111111110011111101111011001011100011
1111111111110110001001111000100111100001
1111111111111011101111110000101110111111
0000000000000010110011110010011001011010
0000000000001000111001101000100110111110
0000000000001011111010011110101000000100
0000000000001010110011101000000110111000
0000000000000101111101100101010001100010
1111111111111111000011100100100011011111
1111111111111000011110011101010010101011
1111111111110100011111111000010010000011
1111111111110100011111111000010010000011
1111111111111000011110011101010010101011
1111111111111111000011100100100011011111
0000000000000101111101100101010001100010
0000000000001010110011101000000110111000
0000000000001011111010011110101000000100
0000000000001000111001101000100110111110
0000000000000010110011110010011001011010
1111111111111011101111110000101110111111
1111111111110110001001111000100111100001
1111111111110011111101111011001011100011
1111111111110101111100010010010000101101
1111111111111011011001010001000011001000
0000000000000010011100001011010101010010
0000000000001000101001000100110101000011
0000000000001011110110101100101111111100
0000000000001010111101111011111010100010
0000000000000110010010011010101110011110
1111111111111111011011101110101001100000
1111111111111000110001100101011110101100
1111111111110100100111010111010100110100
1111111111110100011001001000100111010111
1111111111111000001011110100010001100110
1111111111111110101011011110110100100100
0000000000000101101000011000000010001100
0000000000001010101000101000110000011001
0000000000001011111101100000011011000111
0000000000001001001001101000100100010100
0000000000000011001011001110011101001001
1111111111111100000110100010001101100001
1111111111110110011000000111100101011111
1111111111110011111110101100101110110110
1111111111110101101111010101011001010111
1111111111111011000011000100100010010011
0000000000000010000100011010100000101100
0000000000001000010111111101101010111101
0000000000001011110010001001111100111010
0000000000001011000111100001111011101011
0000000000000110100110110101000010101011
1111111111111111110011111001010010010111
1111111111111001000101001001010101110010
1111111111110100101111100011010001000100
1111111111110100010011000111010001001111
1111111111110111111001101010110010011000
1111111111111110010011011110110011101000
0000000000000101010010110100101011100000
0000000000001010011100111111000110100111
0000000000001011111111110010010111111010
0000000000001001011001000011101010110111
0000000000000011100010011101010110000011
1111111111111100011101100010101001111101
1111111111110110100110111100010101001001
1111111111110100000000001101101000000110
1111111111110101100011000000111001011001
1111111111111010101101001011010100100000
0000000000000001101100100001001100011000
0000000000001000000110010101001101101000
0000000000001011101100111000101110110001
0000000000001011010000011100101110111100
0000000000000110111010110110101010001110
0000000000000000001100000110101101101001
1111111111111001011001001010111101010101
1111111111110100111000011110000100010101
1111111111110100001101110110000011000110
1111111111110111101000000010010101000011
1111111111111101111011100101011111010100
0000000000000100111100111011011101101101
0000000000001010010000101010100110101001
0000000000001100000001010011010001001010
0000000000001001100111111000011010100001
0000000000000011111001011101110010011111
1111111111111100110100110001100010110111
1111111111110110110110010111011011101100
1111111111110100000010011111100100111001
1111111111110101010111010111001111100111
1111111111111010010111100111111101110100
0000000000000001010100100001001011011100
0000000000000111110100001011101110011010
0000000000001011100110110111011000101001
0000000000001011011000101000101011001100
0000000000000111001110011010100001010100
0000000000000000100100010001010110100000
1111111111111001101101100101010001100010
1111111111110101000010000100000101011110
1111111111110100001001010011010000000100
1111111111110111010110111011001010111101
1111111111111101100011110100101010101110
0000000000000100100110101110111100111000
0000000000001010000011101101101111010011
0000000000001100000010000100110100011101
0000000000001001110110000111011000011111
0000000000000100010000001111010001000001
1111111111111101001100001101100110100110
1111111111110111000110010111011001000010
1111111111110100000101100001010111111100
1111111111110101001100010111111001001000
1111111111111010000010011010101110011110
0000000000000000111100011011011100100001
0000000000000111100001100010101101010101
0000000000001011100000000111101101111101
0000000000001011100000000111101101111101
0000000000000111100001100010101101010101
0000000000000000111100011011011100100001
1111111111111010000010011010101110011110
1111111111110101001100010111111001001000
1111111111110100000101100001010111111100
1111111111110111000110010111011001000010
1111111111111101001100001101100110100110
0000000000000100010000001111010001000001
0000000000001001110110000111011000011111
0000000000001100000010000100110100011101
0000000000001010000011101101101111010011
0000000000000100100110101110111100111000
1111111111111101100011110100101010101110
1111111111110111010110111011001010111101
1111111111110100001001010011010000000100
1111111111110101000010000100000101011110
1111111111111001101101100101010001100010
0000000000000000100100010001010110100000
0000000000000111001110011010100001010100
0000000000001011011000101000101011001100
0000000000001011100110110111011000101001
0000000000000111110100001011101110011010
0000000000000001010100100001001011011100
1111111111111010010111100111111101110100
1111111111110101010111010111001111100111
1111111111110100000010011111100100111001
1111111111110110110110010111011011101100
1111111111111100110100110001100010110111
0000000000000011111001011101110010011111
0000000000001001100111111000011010100001
0000000000001100000001010011010001001010
0000000000001010010000101010100110101001
0000000000000100111100111011011101101101
1111111111111101111011100101011111010100
1111111111110111101000000010010101000011
1111111111110100001101110110000011000110
1111111111110100111000011110000100010101
1111111111111001011001001010111101010101
0000000000000000001100000110101101101001
0000000000000110111010110110101010001110
0000000000001011010000011100101110111100
0000000000001011101100111000101110110001
0000000000001000000110010101001101101000
0000000000000001101100100001001100011000
1111111111111010101101001011010100100000
1111111111110101100011000000111001011001
1111111111110100000000001101101000000110
1111111111110110100110111100010101001001
1111111111111100011101100010101001111101
0000000000000011100010011101010110000011
0000000000001001011001000011101010110111
0000000000001011111111110010010111111010
0000000000001010011100111111000110100111
0000000000000101010010110100101011100000
1111111111111110010011011110110011101000
1111111111110111111001101010110010011000
1111111111110100010011000111010001001111
1111111111110100101111100011010001000100
1111111111111001000101001001010101110010
1111111111111111110011111001010010010111
0000000000000110100110110101000010101011
0000000000001011000111100001111011101011
0000000000001011110010001001111100111010
0000000000001000010111111101101010111101
0000000000000010000100011010100000101100
1111111111111011000011000100100010010011
1111111111110101101111010101011001010111
1111111111110011111110101100101110110110
1111111111110110011000000111100101011111
1111111111111100000110100010001101100001
0000000000000011001011001110011101001001
0000000000001001001001101000100100010100
0000000000001011111101100000011011000111
0000000000001010101000101000110000011001
0000000000000101101000011000000010001100
1111111111111110101011011110110100100100
1111111111111000001011110100010001100110
1111111111110100011001001000100111010111
1111111111110100100111010111010100110100
1111111111111000110001100101011110101100
1111111111111111011011101110101001100000
0000000000000110010010011010101110011110
0000000000001010111101111011111010100010
0000000000001011110110101100101111111100
0000000000001000101001000100110101000011
0000000000000010011100001011010101010010
1111111111111011011001010001000011001000
1111111111110101111100010010010000101101
1111111111110011111101111011001011100011
1111111111110110001001111000100111100001
1111111111111011101111110000101110111111
0000000000000010110011110010011001011010
0000000000001000111001101000100110111110
0000000000001011111010011110101000000100
0000000000001010110011101000000110111000
0000000000000101111101100101010001100010
1111111111111111000011100100100011011111
1111111111111000011110011101010010101011
1111111111110100011111111000010010000011
1111111111110100011111111000010010000011
1111111111111000011110011101010010101011
1111111111111111000011100100100011011111
0000000000000101111101100101010001100010
0000000000001010110011101000000110111000
0000000000001011111010011110101000000100
0000000000001000111001101000100110111110
0000000000000010110011110010011001011010
1111111111111011101111110000101110111111
1111111111110110001001111000100111100001
1111111111110011111101111011001011100011
1111111111110101111100010010010000101101
1111111111111011011001010001000011001000
0000000000000010011100001011010101010010
0000000000001000101001000100110101000011
0000000000001011110110101100101111111100
0000000000001010111101111011111010100010
0000000000000110010010011010101110011110
1111111111111111011011101110101001100000
1111111111111000110001100101011110101100
1111111111110100100111010111010100110100
1111111111110100011001001000100111010111
1111111111111000001011110100010001100110
1111111111111110101011011110110100100100
0000000000000101101000011000000010001100
0000000000001010101000101000110000011001
0000000000001011111101100000011011000111
0000000000001001001001101000100100010100
0000000000000011001011001110011101001001
1111111111111100000110100010001101100001
1111111111110110011000000111100101011111
1111111111110011111110101100101110110110
1111111111110101101111010101011001010111
1111111111111011000011000100100010010011
0000000000000010000100011010100000101100
0000000000001000010111111101101010111101
0000000000001011110010001001111100111010
0000000000001011000111100001111011101011
0000000000000110100110110101000010101011
1111111111111111110011111001010010010111
1111111111111001000101001001010101110010
1111111111110100101111100011010001000100
1111111111110100010011000111010001001111
1111111111110111111001101010110010011000
1111111111111110010011011110110011101000
0000000000000101010010110100101011100000
0000000000001010011100111111000110100111
0000000000001011111111110010010111111010
0000000000001001011001000011101010110111
0000000000000011100010011101010110000011
1111111111111100011101100010101001111101
1111111111110110100110111100010101001001
1111111111110100000000001101101000000110
1111111111110101100011000000111001011001
1111111111111010101101001011010100100000
0000000000000001101100100001001100011000
0000000000001000000110010101001101101000
0000000000001011101100111000101110110001
0000000000001011010000011100101110111100
0000000000000110111010110110101010001110
0000000000000000001100000110101101101001
1111111111111001011001001010111101010101
1111111111110100111000011110000100010101
1111111111110100001101110110000011000110
1111111111110111101000000010010101000011
1111111111111101111011100101011111010100
0000000000000100111100111011011101101101
0000000000001010010000101010100110101001
0000000000001100000001010011010001001010
0000000000001001100111111000011010100001
0000000000000011111001011101110010011111
1111111111111100110100110001100010110111
1111111111110110110110010111011011101100
1111111111110100000010011111100100111001
1111111111110101010111010111001111100111
1111111111111010010111100111111101110100
0000000000000001010100100001001011011100
0000000000000111110100001011101110011010
0000000000001011100110110111011000101001
0000000000001011011000101000101011001100
0000000000000111001110011010100001010100
0000000000000000100100010001010110100000
1111111111111001101101100101010001100010
1111111111110101000010000100000101011110
1111111111110100001001010011010000000100
1111111111110111010110111011001010111101
1111111111111101100011110100101010101110
0000000000000100100110101110111100111000
0000000000001010000011101101101111010011
0000000000001100000010000100110100011101
0000000000001001110110000111011000011111
0000000000000100010000001111010001000001
1111111111111101001100001101100110100110
1111111111110111000110010111011001000010
1111111111110100000101100001010111111100
1111111111110101001100010111111001001000
1111111111111010000010011010101110011110
0000000000000000111100011011011100100001
0000000000000111100001100010101101010101
0000000000001011100000000111101101111101
