0000000000000000000000000000000000000000
0000000000000000000000000000000000000000
0000000000000000000000000000000000000000
0000000000000000000000000000000000000000
0000000000000000000000000000000000000000
1111111111111111111111110100100101100110
1111111111111111111111011110010100010100
1111111111111111111111010100010110111010
1111111111111111111111101000010001101110
0000000000000000000000010001100100010110
0000000000000000000000110001110011000010
0000000000000000000000110111000011100000
0000000000000000000000101001010010101000
0000000000000000000000010111101110010010
1111111111111111111111111100001100100010
1111111111111111111111001011010010111110
1111111111111111111110010011010110000000
1111111111111111111110000011001110101010
1111111111111111111110111100101000101000
0000000000000000000000101001010010101000
0000000000000000000010001110010101101100
0000000000000000000010111111001111010000
0000000000000000000010101101101010111010
0000000000000000000001011110111001001000
1111111111111111111111011001000011110110
1111111111111111111100110101010110010110
1111111111111111111010110110001110100010
1111111111111111111010110011111000000100
1111111111111111111101010011110010000110
0000000000000000000001100100001001100110
0000000000000000000101110011000100000110
0000000000000000001000001100110100001100
0000000000000000000111101001101011100000
0000000000000000000011111101010110001010
1111111111111111111101111000101101101110
1111111111111111110111010110001101000100
1111111111111111110011000001001000101000
1111111111111111110011011011110000111010
1111111111111111111001100000011001010110
0000000000000000000011100111101000011010
0000000000000000001110001000111100001110
0000000000000000010100110000001001110100
0000000000000000010100000101011010001100
0000000000000000001010111010110101000010
1111111111111111111010111011010001011010
1111111111111111101000101011000001101000
1111111111111111011011000001000100101100
1111111111111111011001001011100100010110
1111111111111111100111110101110110010100
0000000000000000000110111100101010101010
0000000000000000110001011000000010110110
0000000000000001011110100010100010111100
0000000000000010000100100000101100001110
0000000000000010011010011100010111111000
0000000000000010011010110000010010101100
0000000000000010000101000000111010111010
0000000000000001011110100010100010111100
0000000000000000110000110111110100001010
0000000000000000000110101000101111110110
1111111111111111101000001001110001001000
1111111111111111011001101011110011000010
1111111111111111011011000001000100101100
1111111111111111101000001010110010111100
1111111111111111111010100111010110100110
0000000000000000001011001110101111110110
0000000000000000010100100101101000111000
0000000000000000010100110000001001110100
0000000000000000001101101000101101100010
0000000000000000000011010011101101100110
1111111111111111111001110100010100001010
1111111111111111110011111011111111100110
1111111111111111110011000001001000101000
1111111111111111110110110101111110011000
1111111111111111111101100100110010111010
0000000000000000000100010001010000111110
0000000000000000001000001001111010001100
0000000000000000001000001100110100001100
0000000000000000000101010010110101011010
0000000000000000000001010000001110110010
1111111111111111111101100111101100111010
1111111111111111111011010100000110110000
1111111111111111111010110110001110100010
1111111111111111111100010101000111101010
1111111111111111111111000101001001000010
0000000000000000000001110010110011111100
0000000000000000000011001101111001100110
0000000000000000000010111111001111010000
0000000000000000000001101110000111000000
0000000000000000000000010101010111110100
1111111111111111111111010000100011011100
1111111111111111111110100011011101010110
1111111111111111111110010011010110000000
1111111111111111111110101011000100010010
1111111111111111111111101000010001101110
0000000000000000000000101011101001000110
0000000000000000000001001001100001010100
0000000000000000000000110111000011100000
0000000000000000000000010001100100010110
1111111111111111111111111101101001100010
1111111111111111111111111100001100100010
1111111111111111111111110100100101100110
1111111111111111111111011110010100010100
1111111111111111111111010100010110111010
1111111111111111111111101100000101001100
0000000000000000000000010011111010110100
0000000000000000000000100000001110101100
0000000000000000000000000000000000000000
1111111111111111111111011111110001010100
1111111111111111111111101100000101001100
0000000000000000000000010011111010110100
0000000000000000000000100000001110101100
0000000000000000000000000000000000000000
1111111111111111111111011111110001010100
1111111111111111111111101100000101001100
0000000000000000000000010011111010110100
0000000000000000000000100000001110101100
0000000000000000000000000000000000000000
1111111111111111111111011111110001010100
1111111111111111111111101100000101001100
0000000000000000000000010011111010110100
0000000000000000000000100000001110101100
0000000000000000000000000000000000000000
1111111111111111111111011111110001010100
1111111111111111111111101100000101001100
0000000000000000000000010011111010110100
0000000000000000000000100000001110101100
0000000000000000000000000000000000000000
1111111111111111111111011111110001010100
1111111111111111111111101100000101001100
0000000000000000000000010011111010110100
0000000000000000000000100000001110101100
0000000000000000000000000000000000000000
1111111111111111111111011111110001010100
1111111111111111111111101100000101001100
0000000000000000000000010011111010110100
0000000000000000000000100000001110101100
0000000000000000000000000000000000000000
1111111111111111111111011111110001010100
1111111111111111111111101100000101001100
0000000000000000000000010011111010110100
0000000000000000000000100000001110101100
0000000000000000000000000000000000000000
1111111111111111111111011111110001010100
1111111111111111111111101100000101001100
0000000000000000000000010011111010110100
0000000000000000000000100000001110101100
0000000000000000000000000000000000000000
1111111111111111111111011111110001010100
1111111111111111111111101100000101001100
0000000000000000000000010011111010110100
0000000000000000000000100000001110101100
0000000000000000000000000000000000000000
1111111111111111111111011111110001010100
1111111111111111111111101100000101001100
0000000000000000000000010011111010110100
0000000000000000000000100000001110101100
0000000000000000000000000000000000000000
1111111111111111111111011111110001010100
1111111111111111111111101100000101001100
0000000000000000000000010011111010110100
0000000000000000000000100000001110101100
0000000000000000000000000000000000000000
1111111111111111111111011111110001010100
1111111111111111111111101100000101001100
0000000000000000000000010011111010110100
0000000000000000000000100000001110101100
0000000000000000000000000000000000000000
1111111111111111111111011111110001010100
1111111111111111111111101100000101001100
0000000000000000000000010011111010110100
0000000000000000000000100000001110101100
0000000000000000000000000000000000000000
1111111111111111111111011111110001010100
1111111111111111111111101100000101001100
0000000000000000000000010011111010110100
0000000000000000000000100000001110101100
0000000000000000000000000000000000000000
1111111111111111111111011111110001010100
1111111111111111111111101100000101001100
0000000000000000000000010011111010110100
0000000000000000000000100000001110101100
0000000000000000000000000000000000000000
1111111111111111111111011111110001010100
1111111111111111111111101100000101001100
0000000000000000000000010011111010110100
0000000000000000000000100000001110101100
0000000000000000000000000000000000000000
1111111111111111111111011111110001010100
1111111111111111111111101100000101001100
0000000000000000000000010011111010110100
0000000000000000000000100000001110101100
0000000000000000000000000000000000000000
1111111111111111111111011111110001010100
1111111111111111111111101100000101001100
0000000000000000000000010011111010110100
0000000000000000000000100000001110101100
0000000000000000000000000000000000000000
1111111111111111111111011111110001010100
1111111111111111111111101100000101001100
0000000000000000000000010011111010110100
0000000000000000000000100000001110101100
0000000000000000000000000000000000000000
1111111111111111111111011111110001010100
1111111111111111111111101100000101001100
0000000000000000000000010011111010110100
0000000000000000000000100000001110101100
0000000000000000000000000000000000000000
1111111111111111111111011111110001010100
1111111111111111111111101100000101001100
0000000000000000000000010011111010110100
0000000000000000000000100000001110101100
0000000000000000000000000000000000000000
1111111111111111111111011111110001010100
1111111111111111111111101100000101001100
0000000000000000000000010011111010110100
0000000000000000000000100000001110101100
0000000000000000000000000000000000000000
1111111111111111111111011111110001010100
1111111111111111111111101100000101001100
0000000000000000000000010011111010110100
0000000000000000000000100000001110101100
0000000000000000000000000000000000000000
1111111111111111111111011111110001010100
1111111111111111111111101100000101001100
0000000000000000000000010011111010110100
0000000000000000000000100000001110101100
0000000000000000000000000000000000000000
1111111111111111111111011111110001010100
1111111111111111111111101100000101001100
0000000000000000000000010011111010110100
0000000000000000000000100000001110101100
0000000000000000000000000000000000000000
1111111111111111111111011111110001010100
1111111111111111111111101100000101001100
0000000000000000000000010011111010110100
0000000000000000000000100000001110101100
0000000000000000000000000000000000000000
1111111111111111111111011111110001010100
1111111111111111111111101100000101001100
0000000000000000000000010011111010110100
0000000000000000000000100000001110101100
0000000000000000000000000000000000000000
1111111111111111111111011111110001010100
1111111111111111111111101100000101001100
0000000000000000000000010011111010110100
0000000000000000000000100000001110101100
0000000000000000000000000000000000000000
1111111111111111111111011111110001010100
1111111111111111111111101100000101001100
0000000000000000000000010011111010110100
0000000000000000000000100000001110101100
0000000000000000000000000000000000000000
1111111111111111111111011111110001010100
1111111111111111111111101100000101001100
0000000000000000000000010011111010110100
0000000000000000000000100000001110101100
0000000000000000000000000000000000000000
1111111111111111111111011111110001010100
1111111111111111111111101100000101001100
0000000000000000000000010011111010110100
0000000000000000000000100000001110101100
0000000000000000000000000000000000000000
1111111111111111111111011111110001010100
1111111111111111111111101100000101001100
0000000000000000000000010011111010110100
0000000000000000000000100000001110101100
0000000000000000000000000000000000000000
1111111111111111111111011111110001010100
1111111111111111111111101100000101001100
0000000000000000000000010011111010110100
0000000000000000000000100000001110101100
0000000000000000000000000000000000000000
1111111111111111111111011111110001010100
1111111111111111111111101100000101001100
0000000000000000000000010011111010110100
0000000000000000000000100000001110101100
0000000000000000000000000000000000000000
1111111111111111111111011111110001010100
1111111111111111111111101100000101001100
0000000000000000000000010011111010110100
0000000000000000000000100000001110101100
0000000000000000000000000000000000000000
1111111111111111111111011111110001010100
1111111111111111111111101100000101001100
0000000000000000000000010011111010110100
0000000000000000000000100000001110101100
0000000000000000000000000000000000000000
1111111111111111111111011111110001010100
1111111111111111111111101100000101001100
0000000000000000000000010011111010110100
0000000000000000000000100000001110101100
0000000000000000000000000000000000000000
1111111111111111111111011111110001010100
1111111111111111111111101100000101001100
0000000000000000000000010011111010110100
0000000000000000000000100000001110101100
0000000000000000000000000000000000000000
1111111111111111111111011111110001010100
1111111111111111111111101100000101001100
0000000000000000000000010011111010110100
0000000000000000000000100000001110101100
0000000000000000000000000000000000000000
1111111111111111111111011111110001010100
1111111111111111111111101100000101001100
0000000000000000000000010011111010110100
0000000000000000000000100000001110101100
0000000000000000000000000000000000000000
1111111111111111111111011111110001010100
1111111111111111111111101100000101001100
0000000000000000000000010011111010110100
0000000000000000000000100000001110101100
0000000000000000000000000000000000000000
1111111111111111111111011111110001010100
1111111111111111111111101100000101001100
0000000000000000000000010011111010110100
0000000000000000000000100000001110101100
0000000000000000000000000000000000000000
1111111111111111111111011111110001010100
1111111111111111111111101100000101001100
0000000000000000000000010011111010110100
0000000000000000000000100000001110101100
0000000000000000000000000000000000000000
1111111111111111111111011111110001010100
1111111111111111111111101100000101001100
0000000000000000000000010011111010110100
0000000000000000000000100000001110101100
0000000000000000000000000000000000000000
1111111111111111111111011111110001010100
1111111111111111111111101100000101001100
0000000000000000000000010011111010110100
0000000000000000000000100000001110101100
0000000000000000000000000000000000000000
1111111111111111111111011111110001010100
1111111111111111111111101100000101001100
0000000000000000000000010011111010110100
0000000000000000000000100000001110101100
0000000000000000000000000000000000000000
1111111111111111111111011111110001010100
1111111111111111111111101100000101001100
0000000000000000000000010011111010110100
0000000000000000000000100000001110101100
0000000000000000000000000000000000000000
1111111111111111111111011111110001010100
1111111111111111111111101100000101001100
0000000000000000000000010011111010110100
0000000000000000000000100000001110101100
0000000000000000000000000000000000000000
1111111111111111111111011111110001010100
1111111111111111111111101100000101001100
0000000000000000000000010011111010110100
0000000000000000000000100000001110101100
0000000000000000000000000000000000000000
1111111111111111111111011111110001010100
1111111111111111111111101100000101001100
0000000000000000000000010011111010110100
0000000000000000000000100000001110101100
0000000000000000000000000000000000000000
1111111111111111111111011111110001010100
1111111111111111111111101100000101001100
0000000000000000000000010011111010110100
0000000000000000000000100000001110101100
0000000000000000000000000000000000000000
1111111111111111111111011111110001010100
1111111111111111111111101100000101001100
0000000000000000000000010011111010110100
0000000000000000000000100000001110101100
0000000000000000000000000000000000000000
1111111111111111111111011111110001010100
1111111111111111111111101100000101001100
0000000000000000000000010011111010110100
0000000000000000000000100000001110101100
0000000000000000000000000000000000000000
1111111111111111111111011111110001010100
1111111111111111111111101100000101001100
0000000000000000000000010011111010110100
0000000000000000000000100000001110101100
0000000000000000000000000000000000000000
1111111111111111111111011111110001010100
1111111111111111111111101100000101001100
0000000000000000000000010011111010110100
0000000000000000000000100000001110101100
0000000000000000000000000000000000000000
1111111111111111111111011111110001010100
1111111111111111111111101100000101001100
0000000000000000000000010011111010110100
0000000000000000000000100000001110101100
0000000000000000000000000000000000000000
1111111111111111111111011111110001010100
1111111111111111111111101100000101001100
0000000000000000000000010011111010110100
0000000000000000000000100000001110101100
0000000000000000000000000000000000000000
1111111111111111111111011111110001010100
1111111111111111111111101100000101001100
0000000000000000000000010011111010110100
0000000000000000000000100000001110101100
0000000000000000000000000000000000000000
1111111111111111111111011111110001010100
1111111111111111111111101100000101001100
0000000000000000000000010011111010110100
0000000000000000000000100000001110101100
0000000000000000000000000000000000000000
1111111111111111111111011111110001010100
1111111111111111111111101100000101001100
0000000000000000000000010011111010110100
0000000000000000000000100000001110101100
0000000000000000000000000000000000000000
1111111111111111111111011111110001010100
1111111111111111111111101100000101001100
0000000000000000000000010011111010110100
0000000000000000000000100000001110101100
0000000000000000000000000000000000000000
1111111111111111111111011111110001010100
1111111111111111111111101100000101001100
0000000000000000000000010011111010110100
0000000000000000000000100000001110101100
0000000000000000000000000000000000000000
1111111111111111111111011111110001010100
1111111111111111111111101100000101001100
0000000000000000000000010011111010110100
0000000000000000000000100000001110101100
0000000000000000000000000000000000000000
1111111111111111111111011111110001010100
1111111111111111111111101100000101001100
0000000000000000000000010011111010110100
0000000000000000000000100000001110101100
0000000000000000000000000000000000000000
1111111111111111111111011111110001010100
1111111111111111111111101100000101001100
0000000000000000000000010011111010110100
0000000000000000000000100000001110101100
0000000000000000000000000000000000000000
1111111111111111111111011111110001010100
1111111111111111111111101100000101001100
0000000000000000000000010011111010110100
0000000000000000000000100000001110101100
0000000000000000000000000000000000000000
1111111111111111111111011111110001010100
1111111111111111111111101100000101001100
0000000000000000000000010011111010110100
0000000000000000000000100000001110101100
0000000000000000000000000000000000000000
1111111111111111111111011111110001010100
1111111111111111111111101100000101001100
0000000000000000000000010011111010110100
0000000000000000000000100000001110101100
0000000000000000000000000000000000000000
1111111111111111111111011111110001010100
1111111111111111111111101100000101001100
0000000000000000000000010011111010110100
0000000000000000000000100000001110101100
0000000000000000000000000000000000000000
1111111111111111111111011111110001010100
1111111111111111111111101100000101001100
0000000000000000000000010011111010110100
0000000000000000000000100000001110101100
0000000000000000000000000000000000000000
1111111111111111111111011111110001010100
1111111111111111111111101100000101001100
0000000000000000000000010011111010110100
0000000000000000000000100000001110101100
0000000000000000000000000000000000000000
1111111111111111111111011111110001010100
1111111111111111111111101100000101001100
0000000000000000000000010011111010110100
0000000000000000000000100000001110101100
0000000000000000000000000000000000000000
1111111111111111111111011111110001010100
1111111111111111111111101100000101001100
0000000000000000000000010011111010110100
0000000000000000000000100000001110101100
0000000000000000000000000000000000000000
1111111111111111111111011111110001010100
1111111111111111111111101100000101001100
0000000000000000000000010011111010110100
0000000000000000000000100000001110101100
0000000000000000000000000000000000000000
1111111111111111111111011111110001010100
1111111111111111111111101100000101001100
0000000000000000000000010011111010110100
0000000000000000000000100000001110101100
0000000000000000000000000000000000000000
1111111111111111111111011111110001010100
1111111111111111111111101100000101001100
0000000000000000000000010011111010110100
0000000000000000000000100000001110101100
0000000000000000000000000000000000000000
1111111111111111111111011111110001010100
1111111111111111111111101100000101001100
0000000000000000000000010011111010110100
0000000000000000000000100000001110101100
0000000000000000000000000000000000000000
1111111111111111111111011111110001010100
1111111111111111111111101100000101001100
0000000000000000000000010011111010110100
0000000000000000000000100000001110101100
0000000000000000000000000000000000000000
1111111111111111111111011111110001010100
1111111111111111111111101100000101001100
0000000000000000000000010011111010110100
0000000000000000000000100000001110101100
0000000000000000000000000000000000000000
1111111111111111111111011111110001010100
1111111111111111111111101100000101001100
0000000000000000000000010011111010110100
0000000000000000000000101011101001000110
0000000000000000000000100001101011101100
0000000000000000000000001011011010011010
0000000000000000000000000011110011011110
0000000000000000000000000010010110011110
1111111111111111111111101110011011101010
1111111111111111111111001000111100100000
1111111111111111111110110110011110101100
1111111111111111111111010100010110111010
0000000000000000000000010111101110010010
0000000000000000000001010100111011101110
0000000000000000000001101100101010000000
0000000000000000000001011100100010101010
0000000000000000000000101111011100100100
1111111111111111111111101010101000001100
1111111111111111111110010001111001000000
1111111111111111111101000000110000110000
1111111111111111111100110010000110011010
1111111111111111111110001101001100000100
0000000000000000000000111010110110111110
0000000000000000000011101010111000010110
0000000000000000000101001001110001011110
0000000000000000000100101011111001010000
0000000000000000000010011000010011000110
1111111111111111111110101111110001001110
1111111111111111111010101101001010100110
1111111111111111110111110011001011110100
1111111111111111110111110110000101110100
1111111111111111111011101110101111000010
0000000000000000000010011011001101000110
0000000000000000001001001010000001101000
0000000000000000001100111110110111011000
0000000000000000001100000100000000011010
0000000000000000000110001011101011110110
1111111111111111111100101100010010011010
1111111111111111110010010111010010011110
1111111111111111101011001111110110001100
1111111111111111101011011010010111001000
1111111111111111110100110001010000001010
0000000000000000000101011000101001011010
0000000000000000010111110101001101000100
0000000000000000100100111110111011010100
0000000000000000100110010100001100111110
0000000000000000010111110110001110111000
1111111111111111111001010111010000001010
1111111111111111001111001000001011110110
1111111111111110100001011101011101000100
1111111111111101111010111111000101000110
1111111111111101100101001111101101010100
1111111111111101100101100011101000001000
1111111111111101111011011111010011110010
1111111111111110100001011101011101000100
1111111111111111001110100111111101001010
1111111111111111111001000011010101010110
0000000000000000011000001010001001101100
0000000000000000100110110100011011101010
0000000000000000100100111110111011010100
0000000000000000010111010100111110011000
0000000000000000000101000100101110100110
1111111111111111110101000101001010111110
1111111111111111101011111010100101110100
1111111111111111101011001111110110001100
1111111111111111110001110111000011110010
1111111111111111111100011000010111100110
0000000000000000000110011111100110101010
0000000000000000001100100100001111000110
0000000000000000001100111110110111011000
0000000000000000001000101001110010111100
0000000000000000000010000111010010010010
1111111111111111111100000010101001110110
1111111111111111111000010110010100100000
1111111111111111110111110011001011110100
1111111111111111111010001100111011111010
1111111111111111111110011011110110011010
0000000000000000000010101100001101111010
0000000000000000000101001100000111111100
0000000000000000000101001001110001011110
0000000000000000000011001010101001101010
0000000000000000000000100110111100001010
1111111111111111111110100001000110111000
1111111111111111111101010010010101000110
1111111111111111111101000000110000110000
1111111111111111111101110001101010010100
1111111111111111111111010110101101011000
0000000000000000000001000011010111011000
0000000000000000000001111100110001010110
0000000000000000000001101100101010000000
0000000000000000000000110100101101000010
0000000000000000000000000011110011011110
1111111111111111111111101000010001101110
1111111111111111111111010110101101011000
1111111111111111111111001000111100100000
1111111111111111111111001110001100111110
1111111111111111111111101110011011101010
0000000000000000000000010111101110010010
0000000000000000000000101011101001000110
0000000000000000000000100001101011101100
0000000000000000000000001011011010011010
0000000000000000000000000000000000000000
0000000000000000000000000000000000000000
0000000000000000000000000000000000000000
0000000000000000000000000000000000000000
0000000000000000000000000000000000000000
0000000000000000000000000000000000000000
0000000000000000000000000000000000000000
0000000000000000000000000000000000000000
0000000000000000000000000000000000000000
0000000000000000000000000000000000000000
0000000000000000000000000000000000000000
0000000000000000000000000000000000000000
0000000000000000000000000000000000000000
0000000000000000000000000000000000000000
0000000000000000000000000000000000000000
0000000000000000000000000000000000000000
0000000000000000000000000000000000000000
0000000000000000000000000000000000000000
0000000000000000000000000000000000000000
0000000000000000000000000000000000000000
0000000000000000000000000000000000000000
0000000000000000000000000000000000000000
0000000000000000000000000000000000000000
0000000000000000000000000000000000000000
0000000000000000000000000000000000000000
0000000000000000000000000000000000000000
0000000000000000000000000000000000000000
0000000000000000000000000000000000000000
0000000000000000000000000000000000000000
0000000000000000000000000000000000000000
0000000000000000000000000000000000000000
0000000000000000000000000000000000000000
0000000000000000000000000000000000000000
0000000000000000000000000000000000000000
0000000000000000000000000000000000000000
0000000000000000000000000000000000000000
0000000000000000000000000000000000000000
0000000000000000000000000000000000000000
0000000000000000000000000000000000000000
0000000000000000000000000000000000000000
0000000000000000000000000000000000000000
0000000000000000000000000000000000000000
0000000000000000000000000000000000000000
0000000000000000000000000000000000000000
0000000000000000000000000000000000000000
0000000000000000000000000000000000000000
0000000000000000000000000000000000000000
0000000000000000000000000000000000000000
0000000000000000000000000000000000000000
0000000000000000000000000000000000000000
0000000000000000000000000000000000000000
0000000000000000000000000000000000000000
0000000000000000000000000000000000000000
0000000000000000000000000000000000000000
0000000000000000000000000000000000000000
0000000000000000000000000000000000000000
0000000000000000000000000000000000000000
0000000000000000000000000000000000000000
0000000000000000000000000000000000000000
0000000000000000000000000000000000000000
0000000000000000000000000000000000000000
0000000000000000000000000000000000000000
0000000000000000000000000000000000000000
0000000000000000000000000000000000000000
0000000000000000000000000000000000000000
0000000000000000000000000000000000000000
0000000000000000000000000000000000000000
0000000000000000000000000000000000000000
0000000000000000000000000000000000000000
0000000000000000000000000000000000000000
0000000000000000000000000000000000000000
0000000000000000000000000000000000000000
0000000000000000000000000000000000000000
0000000000000000000000000000000000000000
0000000000000000000000000000000000000000
0000000000000000000000000000000000000000
0000000000000000000000000000000000000000
0000000000000000000000000000000000000000
0000000000000000000000000000000000000000
0000000000000000000000000000000000000000
0000000000000000000000000000000000000000
0000000000000000000000000000000000000000
0000000000000000000000000000000000000000
0000000000000000000000000000000000000000
0000000000000000000000000000000000000000
0000000000000000000000000000000000000000
0000000000000000000000000000000000000000
0000000000000000000000000000000000000000
0000000000000000000000000000000000000000
0000000000000000000000000000000000000000
0000000000000000000000000000000000000000
0000000000000000000000000000000000000000
0000000000000000000000000000000000000000
0000000000000000000000000000000000000000
0000000000000000000000000000000000000000
0000000000000000000000000000000000000000
0000000000000000000000000000000000000000
0000000000000000000000000000000000000000
0000000000000000000000000000000000000000
0000000000000000000000000000000000000000
0000000000000000000000000000000000000000
0000000000000000000000000000000000000000
0000000000000000000000000000000000000000
0000000000000000000000000000000000000000
0000000000000000000000000000000000000000
0000000000000000000000000000000000000000
0000000000000000000000000000000000000000
0000000000000000000000000000000000000000
0000000000000000000000000000000000000000
0000000000000000000000000000000000000000
0000000000000000000000000000000000000000
0000000000000000000000000000000000000000
0000000000000000000000000000000000000000
0000000000000000000000000000000000000000
0000000000000000000000000000000000000000
0000000000000000000000000000000000000000
0000000000000000000000000000000000000000
0000000000000000000000000000000000000000
0000000000000000000000000000000000000000
0000000000000000000000000000000000000000
0000000000000000000000000000000000000000
0000000000000000000000000000000000000000
0000000000000000000000000000000000000000
0000000000000000000000000000000000000000
0000000000000000000000000000000000000000
0000000000000000000000000000000000000000
0000000000000000000000000000000000000000
0000000000000000000000000000000000000000
0000000000000000000000000000000000000000
0000000000000000000000000000000000000000
0000000000000000000000000000000000000000
0000000000000000000000000000000000000000
0000000000000000000000000000000000000000
0000000000000000000000000000000000000000
0000000000000000000000000000000000000000
0000000000000000000000000000000000000000
0000000000000000000000000000000000000000
0000000000000000000000000000000000000000
0000000000000000000000000000000000000000
0000000000000000000000000000000000000000
0000000000000000000000000000000000000000
0000000000000000000000000000000000000000
0000000000000000000000000000000000000000
0000000000000000000000000000000000000000
0000000000000000000000000000000000000000
0000000000000000000000000000000000000000
0000000000000000000000000000000000000000
0000000000000000000000000000000000000000
0000000000000000000000000000000000000000
0000000000000000000000000000000000000000
0000000000000000000000000000000000000000
0000000000000000000000000000000000000000
0000000000000000000000000000000000000000
0000000000000000000000000000000000000000
0000000000000000000000000000000000000000
0000000000000000000000000000000000000000
0000000000000000000000000000000000000000
0000000000000000000000000000000000000000
0000000000000000000000000000000000000000
0000000000000000000000000000000000000000
0000000000000000000000000000000000000000
0000000000000000000000000000000000000000
0000000000000000000000000000000000000000
0000000000000000000000000000000000000000
0000000000000000000000000000000000000000
0000000000000000000000000000000000000000
0000000000000000000000000000000000000000
0000000000000000000000000000000000000000
0000000000000000000000000000000000000000
0000000000000000000000000000000000000000
0000000000000000000000000000000000000000
0000000000000000000000000000000000000000
0000000000000000000000000000000000000000
0000000000000000000000000000000000000000
0000000000000000000000000000000000000000
0000000000000000000000000000000000000000
0000000000000000000000000000000000000000
0000000000000000000000000000000000000000
0000000000000000000000000000000000000000
0000000000000000000000000000000000000000
0000000000000000000000000000000000000000
0000000000000000000000000000000000000000
0000000000000000000000000000000000000000
0000000000000000000000000000000000000000
0000000000000000000000000000000000000000
0000000000000000000000000000000000000000
0000000000000000000000000000000000000000
0000000000000000000000000000000000000000
0000000000000000000000000000000000000000
0000000000000000000000000000000000000000
0000000000000000000000000000000000000000
0000000000000000000000000000000000000000
0000000000000000000000000000000000000000
0000000000000000000000000000000000000000
0000000000000000000000000000000000000000
0000000000000000000000000000000000000000
0000000000000000000000000000000000000000
0000000000000000000000000000000000000000
0000000000000000000000000000000000000000
0000000000000000000000000000000000000000
0000000000000000000000000000000000000000
0000000000000000000000000000000000000000
0000000000000000000000000000000000000000
0000000000000000000000000000000000000000
0000000000000000000000000000000000000000
0000000000000000000000000000000000000000
0000000000000000000000000000000000000000
0000000000000000000000000000000000000000
0000000000000000000000000000000000000000
0000000000000000000000000000000000000000
0000000000000000000000000000000000000000
0000000000000000000000000000000000000000
0000000000000000000000000000000000000000
0000000000000000000000000000000000000000
0000000000000000000000000000000000000000
0000000000000000000000000000000000000000
0000000000000000000000000000000000000000
0000000000000000000000000000000000000000
0000000000000000000000000000000000000000
0000000000000000000000000000000000000000
0000000000000000000000000000000000000000
0000000000000000000000000000000000000000
0000000000000000000000000000000000000000
0000000000000000000000000000000000000000
0000000000000000000000000000000000000000
0000000000000000000000000000000000000000
0000000000000000000000000000000000000000
0000000000000000000000000000000000000000
0000000000000000000000000000000000000000
0000000000000000000000000000000000000000
0000000000000000000000000000000000000000
0000000000000000000000000000000000000000
0000000000000000000000000000000000000000
0000000000000000000000000000000000000000
0000000000000000000000000000000000000000
0000000000000000000000000000000000000000
0000000000000000000000000000000000000000
0000000000000000000000000000000000000000
0000000000000000000000000000000000000000
0000000000000000000000000000000000000000
0000000000000000000000000000000000000000
0000000000000000000000000000000000000000
0000000000000000000000000000000000000000
0000000000000000000000000000000000000000
0000000000000000000000000000000000000000
0000000000000000000000000000000000000000
0000000000000000000000000000000000000000
0000000000000000000000000000000000000000
0000000000000000000000000000000000000000
0000000000000000000000000000000000000000
0000000000000000000000000000000000000000
0000000000000000000000000000000000000000
0000000000000000000000000000000000000000
0000000000000000000000000000000000000000
0000000000000000000000000000000000000000
0000000000000000000000000000000000000000
0000000000000000000000000000000000000000
0000000000000000000000000000000000000000
0000000000000000000000000000000000000000
0000000000000000000000000000000000000000
0000000000000000000000000000000000000000
0000000000000000000000000000000000000000
0000000000000000000000000000000000000000
0000000000000000000000000000000000000000
0000000000000000000000000000000000000000
0000000000000000000000000000000000000000
0000000000000000000000000000000000000000
0000000000000000000000000000000000000000
0000000000000000000000000000000000000000
0000000000000000000000000000000000000000
0000000000000000000000000000000000000000
0000000000000000000000000000000000000000
0000000000000000000000000000000000000000
0000000000000000000000000000000000000000
0000000000000000000000000000000000000000
0000000000000000000000000000000000000000
0000000000000000000000000000000000000000
0000000000000000000000000000000000000000
0000000000000000000000000000000000000000
0000000000000000000000000000000000000000
0000000000000000000000000000000000000000
0000000000000000000000000000000000000000
0000000000000000000000000000000000000000
0000000000000000000000000000000000000000
0000000000000000000000000000000000000000
0000000000000000000000000000000000000000
0000000000000000000000000000000000000000
0000000000000000000000000000000000000000
0000000000000000000000000000000000000000
0000000000000000000000000000000000000000
0000000000000000000000000000000000000000
0000000000000000000000000000000000000000
0000000000000000000000000000000000000000
0000000000000000000000000000000000000000
0000000000000000000000000000000000000000
0000000000000000000000000000000000000000
0000000000000000000000000000000000000000
0000000000000000000000000000000000000000
0000000000000000000000000000000000000000
0000000000000000000000000000000000000000
0000000000000000000000000000000000000000
0000000000000000000000000000000000000000
0000000000000000000000000000000000000000
0000000000000000000000000000000000000000
0000000000000000000000000000000000000000
0000000000000000000000000000000000000000
0000000000000000000000000000000000000000
0000000000000000000000000000000000000000
0000000000000000000000000000000000000000
0000000000000000000000000000000000000000
0000000000000000000000000000000000000000
0000000000000000000000000000000000000000
0000000000000000000000000000000000000000
0000000000000000000000000000000000000000
0000000000000000000000000000000000000000
0000000000000000000000000000000000000000
0000000000000000000000000000000000000000
0000000000000000000000000000000000000000
0000000000000000000000000000000000000000
0000000000000000000000000000000000000000
0000000000000000000000000000000000000000
0000000000000000000000000000000000000000
0000000000000000000000000000000000000000
0000000000000000000000000000000000000000
0000000000000000000000000000000000000000
0000000000000000000000000000000000000000
0000000000000000000000000000000000000000
0000000000000000000000000000000000000000
0000000000000000000000000000000000000000
0000000000000000000000000000000000000000
0000000000000000000000000000000000000000
0000000000000000000000000000000000000000
0000000000000000000000000000000000000000
0000000000000000000000000000000000000000
0000000000000000000000000000000000000000
0000000000000000000000000000000000000000
0000000000000000000000000000000000000000
0000000000000000000000000000000000000000
0000000000000000000000000000000000000000
0000000000000000000000000000000000000000
0000000000000000000000000000000000000000
0000000000000000000000000000000000000000
0000000000000000000000000000000000000000
0000000000000000000000000000000000000000
0000000000000000000000000000000000000000
0000000000000000000000000000000000000000
0000000000000000000000000000000000000000
0000000000000000000000000000000000000000
0000000000000000000000000000000000000000
0000000000000000000000000000000000000000
0000000000000000000000000000000000000000
0000000000000000000000000000000000000000
0000000000000000000000000000000000000000
0000000000000000000000000000000000000000
0000000000000000000000000000000000000000
0000000000000000000000000000000000000000
0000000000000000000000000000000000000000
0000000000000000000000000000000000000000
0000000000000000000000000000000000000000
0000000000000000000000000000000000000000
0000000000000000000000000000000000000000
0000000000000000000000000000000000000000
0000000000000000000000000000000000000000
0000000000000000000000000000000000000000
0000000000000000000000000000000000000000
0000000000000000000000000000000000000000
0000000000000000000000000000000000000000
0000000000000000000000000000000000000000
0000000000000000000000000000000000000000
0000000000000000000000000000000000000000
0000000000000000000000000000000000000000
0000000000000000000000000000000000000000
0000000000000000000000000000000000000000
0000000000000000000000000000000000000000
0000000000000000000000000000000000000000
0000000000000000000000000000000000000000
0000000000000000000000000000000000000000
0000000000000000000000000000000000000000
0000000000000000000000000000000000000000
0000000000000000000000000000000000000000
0000000000000000000000000000000000000000
0000000000000000000000000000000000000000
0000000000000000000000000000000000000000
0000000000000000000000000000000000000000
0000000000000000000000000000000000000000
0000000000000000000000000000000000000000
0000000000000000000000000000000000000000
0000000000000000000000000000000000000000
0000000000000000000000000000000000000000
0000000000000000000000000000000000000000
0000000000000000000000000000000000000000
0000000000000000000000000000000000000000
0000000000000000000000000000000000000000
0000000000000000000000000000000000000000
0000000000000000000000000000000000000000
0000000000000000000000000000000000000000
0000000000000000000000000000000000000000
0000000000000000000000000000000000000000
0000000000000000000000000000000000000000
0000000000000000000000000000000000000000
0000000000000000000000000000000000000000
0000000000000000000000000000000000000000
0000000000000000000000000000000000000000
0000000000000000000000000000000000000000
0000000000000000000000000000000000000000
0000000000000000000000000000000000000000
0000000000000000000000000000000000000000
0000000000000000000000000000000000000000
0000000000000000000000000000000000000000
0000000000000000000000000000000000000000
0000000000000000000000000000000000000000
0000000000000000000000000000000000000000
0000000000000000000000000000000000000000
0000000000000000000000000000000000000000
0000000000000000000000000000000000000000
0000000000000000000000000000000000000000
0000000000000000000000000000000000000000
0000000000000000000000000000000000000000
0000000000000000000000000000000000000000
0000000000000000000000000000000000000000
0000000000000000000000000000000000000000
0000000000000000000000000000000000000000
0000000000000000000000000000000000000000
0000000000000000000000000000000000000000
0000000000000000000000000000000000000000
0000000000000000000000000000000000000000
0000000000000000000000000000000000000000
0000000000000000000000000000000000000000
0000000000000000000000000000000000000000
0000000000000000000000000000000000000000
0000000000000000000000000000000000000000
0000000000000000000000000000000000000000
0000000000000000000000000000000000000000
0000000000000000000000000000000000000000
0000000000000000000000000000000000000000
0000000000000000000000000000000000000000
0000000000000000000000000000000000000000
0000000000000000000000000000000000000000
0000000000000000000000000000000000000000
0000000000000000000000000000000000000000
0000000000000000000000000000000000000000
0000000000000000000000000000000000000000
0000000000000000000000000000000000000000
0000000000000000000000000000000000000000
0000000000000000000000000000000000000000
0000000000000000000000000000000000000000
0000000000000000000000000000000000000000
0000000000000000000000000000000000000000
0000000000000000000000000000000000000000
0000000000000000000000000000000000000000
0000000000000000000000000000000000000000
0000000000000000000000000000000000000000
0000000000000000000000000000000000000000
0000000000000000000000000000000000000000
0000000000000000000000000000000000000000
0000000000000000000000000000000000000000
0000000000000000000000000000000000000000
0000000000000000000000000000000000000000
0000000000000000000000000000000000000000
0000000000000000000000000000000000000000
0000000000000000000000000000000000000000
0000000000000000000000000000000000000000
0000000000000000000000000000000000000000
0000000000000000000000000000000000000000
0000000000000000000000000000000000000000
0000000000000000000000000000000000000000
0000000000000000000000000000000000000000
0000000000000000000000000000000000000000
0000000000000000000000000000000000000000
0000000000000000000000000000000000000000
0000000000000000000000000000000000000000
0000000000000000000000000000000000000000
0000000000000000000000000000000000000000
0000000000000000000000000000000000000000
0000000000000000000000000000000000000000
0000000000000000000000000000000000000000
0000000000000000000000000000000000000000
0000000000000000000000000000000000000000
0000000000000000000000000000000000000000
0000000000000000000000000000000000000000
0000000000000000000000000000000000000000
0000000000000000000000000000000000000000
0000000000000000000000000000000000000000
0000000000000000000000000000000000000000
0000000000000000000000000000000000000000
0000000000000000000000000000000000000000
0000000000000000000000000000000000000000
0000000000000000000000000000000000000000
0000000000000000000000000000000000000000
0000000000000000000000000000000000000000
0000000000000000000000000000000000000000
0000000000000000000000000000000000000000
0000000000000000000000000000000000000000
0000000000000000000000000000000000000000
0000000000000000000000000000000000000000
0000000000000000000000000000000000000000
0000000000000000000000000000000000000000
0000000000000000000000000000000000000000
0000000000000000000000000000000000000000
0000000000000000000000000000000000000000
0000000000000000000000000000000000000000
0000000000000000000000000000000000000000
0000000000000000000000000000000000000000
0000000000000000000000000000000000000000
0000000000000000000000000000000000000000
0000000000000000000000000000000000000000
0000000000000000000000000000000000000000
0000000000000000000000000000000000000000
0000000000000000000000000000000000000000
0000000000000000000000000000000000000000
0000000000000000000000000000000000000000
0000000000000000000000000000000000000000
0000000000000000000000000000000000000000
0000000000000000000000000000000000000000
0000000000000000000000000000000000000000
0000000000000000000000000000000000000000
0000000000000000000000000000000000000000
0000000000000000000000000000000000000000
0000000000000000000000000000000000000000
0000000000000000000000000000000000000000
0000000000000000000000000000000000000000
0000000000000000000000000000000000000000
0000000000000000000000000000000000000000
0000000000000000000000000000000000000000
0000000000000000000000000000000000000000
0000000000000000000000000000000000000000
0000000000000000000000000000000000000000
0000000000000000000000000000000000000000
0000000000000000000000000000000000000000
0000000000000000000000000000000000000000
0000000000000000000000000000000000000000
0000000000000000000000000000000000000000
0000000000000000000000000000000000000000
0000000000000000000000000000000000000000
0000000000000000000000000000000000000000
0000000000000000000000000000000000000000
0000000000000000000000000000000000000000
0000000000000000000000000000000000000000
0000000000000000000000000000000000000000
0000000000000000000000000000000000000000
0000000000000000000000000000000000000000
0000000000000000000000000000000000000000
0000000000000000000000000000000000000000
0000000000000000000000000000000000000000
0000000000000000000000000000000000000000
0000000000000000000000000000000000000000
0000000000000000000000000000000000000000
0000000000000000000000000000000000000000
0000000000000000000000000000000000000000
0000000000000000000000000000000000000000
