0000000000000000000000000000000000000000
0000000000000000000000000000000000000000
0000000000000000000000000000000000000000
0000000000000001001000010001000100000000
0000000000000010001100100011001000010000
0000000000000001001101000100010000010001
0000000000000010010101000111010100100010
0000000000000100010101000110010100100011
0000000000000010011001111010011001000011
0000000000000010011001101000011000100100
0000000000000100010110001011100101000011
0000000000000100100110001101011101000100
0000000000000100100111011111100101100100
0000000000000101100111000010110101110101
0000000000000111100111000011110101110100
0000000000000101100011010011110110000110
0000000000000011101111000001110110000101
0000000000000110100010110101110101110111
0000000000000110100011010011111110110111
0000000000000101111000010101111110010111
0000000000000110110100000111000010011001
0000000000001000111000101010111010101001
0000000000001000111000110111001011100110
0000000000000111111000011000001111001010
0000000000000111110100101110011010101000
0000000000000111101111101001111011001000
0000000000000110111001001001001011110111
0000000000000111111000011010001011001000
0000000000001000000001001010010110110111
0000000000000111110001001011111111100111
0000000000001000001010000111010111011000
0000000000001000000101001110010111011011
0000000000001001000110001001011100011000
0000000000000111111101011101010111101001
0000000000001001001001000011100111011010
0000000000001010000110000010011111111110
0000000000001000001101100101110100011001
0000000000001100010010100011011111111010
0000000000001100010001010111111111011100
0000000000001100010111001000110001001011
0000000000001110010111001000111100111010
0000000000001111010110011011110100100001
0000000000001100100010111010111100011101
0000000000001110001100000100110101101100
0000000000001110010111001101111101111111
0000000000001111011011101100010000011111
0000000000001110100000111111111101101101
0000000000001111110000101000010111000011
0000000000010001101011111100100010000010
0000000000001101110101110100010110110011
0000000000010001000101000111100010100001
0000000000001111110100100100001001101111
0000000000010000110101000111111010100010
0000000000010001101111000011010111010001
0000000000010011101110011010110011101110
0000000000010011111011100001110000100101
0000000000010001111110111101100100110011
0000000000001111111011001100111000000101
0000000000010010110110011111010011100110
0000000000010101000110100011101011100101
0000000000010010111111101011111000000100
0000000000010100111111101000001100110101
0000000000010011110111011001110100000100
0000000000010101000100011000010101011000
0000000000010001001101000110100010000110
0000000000010100001011100111001101001001
0000000000010100000001010101011001100100
0000000000010010111000101000101001011000
0000000000010110001101110110100001111000
0000000000011000001000100000000011001000
0000000000010110000110101110001110101010
0000000000010011010000110000000001011110
0000000000010010011001101111100010111000
0000000000010011011110000101110011011101
0000000000010111011010001110110010001011
0000000000010110110011001100010110101000
0000000000010110011010100001110100001010
0000000000010111101100001010000000001011
0000000000010110011110011001110010000111
0000000000011000101011000011110111011010
0000000000010100011110010111110111001011
0000000000011001110100000010001000111101
0000000000011001100100001100000111011101
0000000000011001101001011000111011011010
0000000000011011110011001101101011011011
0000000000011011101101011010101011001111
0000000000011000011000101000110111011010
0000000000010100110101001010111100101001
0000000000011000001001100010011010111111
0000000000010110111010100011000001101101
0000000000011001111010010101011101001101
0000000000010110110001111111101001110001
0000000000011010110001001010101101011110
0000000000010111111110000010110101111101
0000000000011001000101100111100101010000
0000000000011000000101111010101000000010
0000000000011000000001100110111010101111
0000000000011001010001000000101000100100
0000000000011010010000101111100011000110
0000000000011110111111100001110100000001
0000000000011010111101000111111010100010
0000000000011100010011001011101110100001
0000000000011001001001111011110110010001
0000000000011100101111010101101011100010
0000000000010110100011001001001011000001
0000000000011101011011001010111111010111
0000000000011110011011101010001101000110
0000000000011111001111101111111111000010
0000000000011101010000000000110001100101
0000000000011001001010101110111111010100
0000000000011100000100001010000111010000
0000000000011000100010111001011101100010
0000000000011101011011111001011010000101
0000000000011011011011010101100011010010
0000000000011111011000100101100100010001
0000000000011101010100001010000011010101
0000000000011011011011011101110001111110
0000000000011000010101100110101110110001
0000000000011000000110001001000110010110
0000000000011000011011110000001110100010
0000000000010111000110011001001110010011
0000000000011101100100101100001011110110
0000000000011101011001100010100100010011
0000000000011110011100111100110000000101
0000000000011001000111110100011011100010
0000000000011000000110111011001001011111
0000000000011010010011001011010011110010
0000000000011010010011001011010011110010
0000000000011000000110111011001001011111
0000000000011001000111110100011011100010
0000000000011110011100111100110000000101
0000000000011101011001100010100100010011
0000000000011101100100101100001011110110
0000000000010111000110011001001110010011
0000000000011000011011110000001110100010
0000000000011000000110001001000110010110
0000000000011000010101100110101110110001
0000000000011011011011011101110001111110
0000000000011101010100001010000011010101
0000000000011111011000100101100100010001
0000000000011011011011010101100011010010
0000000000011101011011111001011010000101
0000000000011000100010111001011101100010
0000000000011100000100001010000111010000
0000000000011001001010101110111111010100
0000000000011101010000000000110001100101
0000000000011111001111101111111111000010
0000000000011110011011101010001101000110
0000000000011101011011001010111111010111
0000000000010110100011001001001011000001
0000000000011100101111010101101011100010
0000000000011001001001111011110110010001
0000000000011100010011001011101110100001
0000000000011011000001010111111110100010
0000000000011111000011110010111000010001
0000000000011011010101100011101011100111
0000000000011010010101010100110001000110
0000000000011000001110111100001111100010
0000000000011010001110111111110100110101
0000000000011100010110110101000010010100
0000000000011001010011011010001110110000
0000000000011101000011100110010111000010
0000000000011010000011111100000010110101
0000000000011100010100100010010011010010
0000000000011000010101000001110000000001
0000000000011011100000010001010001100101
0000000000011001001000101101110011011110
0000000000011010110111111010100110000001
0000000000011101010000011011101110010110
0000000000011111000110100001100111000010
0000000000011101001001010000000010100011
0000000000011010001011100010101110010110
0000000000011011011000000111010100000011
0000000000011001001010110100010011010101
0000000000011101011011011100010011000010
0000000000011010010011110010100110001111
0000000000011100010000000011010000010010
0000000000011100010000000011010000010010
0000000000011010010011110010100110001111
0000000000011101011011011100010011000010
0000000000011001001010110100010011010101
0000000000011011011000000111010100000011
0000000000011010001011100010101110010110
0000000000011101001001010000000010100011
0000000000011111000110100001100111000010
0000000000011101010000011011101110010110
0000000000011010110111111010100110000001
0000000000011001001000101101110011011110
0000000000011011100000010001010001100101
0000000000011000010101000001110000000001
0000000000011100010100100010010011010010
0000000000011010000011111100000010110101
0000000000011101000011100110010111000010
0000000000011001010011011010001110110000
0000000000011100010110110101000010010100
0000000000011010001110111111110100110101
0000000000011000001110111100001111100010
0000000000011010010101010100110001000110
0000000000011011010101100011101011100111
0000000000011111000011110010111000010001
0000000000011011000001010111111110100010
0000000000011100010011001011101110100001
0000000000011001001001111011110110010001
0000000000011100101111010101101011100010
0000000000010110100011001001001011000001
0000000000011101011011001010111111010111
0000000000011110011011101010001101000110
0000000000011111001111101111111111000010
0000000000011101010000000000110001100101
0000000000011001001010101110111111010100
0000000000011100000100001010000111010000
0000000000011000100010111001011101100010
0000000000011101011011111001011010000101
0000000000011011011011010101100011010010
0000000000011111011000100101100100010001
0000000000011101010100001010000011010101
0000000000011011011011011101110001111110
0000000000011000010101100110101110110001
0000000000011000000110001001000110010110
0000000000011000011011110000001110100010
0000000000010111000110011001001110010011
0000000000011101100100101100001011110110
0000000000011101011001100010100100010011
0000000000011110011100111100110000000101
0000000000011001000111110100011011100010
0000000000011000000110111011001001011111
0000000000011010010011001011010011110010
0000000000011010010011001011010011110010
0000000000011000000110111011001001011111
0000000000011001000111110100011011100010
0000000000011110011100111100110000000101
0000000000011101011001100010100100010011
0000000000011101100100101100001011110110
0000000000010111000110011001001110010011
0000000000011000011011110000001110100010
0000000000011000000110001001000110010110
0000000000011000010101100110101110110001
0000000000011011011011011101110001111110
0000000000011101010100001010000011010101
0000000000011111011000100101100100010001
0000000000011011011011010101100011010010
0000000000011101011011111001011010000101
0000000000011000100010111001011101100010
0000000000011100000100001010000111010000
0000000000011001001010101110111111010100
0000000000011101010000000000110001100101
0000000000011111001111101111111111000010
0000000000011110011011101010001101000110
0000000000011101011011001010111111010111
0000000000010110100011001001001011000001
0000000000011100101111010101101011100010
0000000000011001001001111011110110010001
0000000000011100010011001011101110100001
0000000000011011000001010111111110100010
0000000000011111000011110010111000010001
0000000000011011010101100011101011100111
0000000000011010010101010100110001000110
0000000000011000001110111100001111100010
0000000000011010001110111111110100110101
0000000000011100010110110101000010010100
0000000000011001010011011010001110110000
0000000000011101000011100110010111000010
0000000000011010000011111100000010110101
0000000000011100010100100010010011010010
0000000000011000010101000001110000000001
0000000000011011100000010001010001100101
0000000000011001001000101101110011011110
0000000000011010110111111010100110000001
0000000000011101010000011011101110010110
0000000000011111000110100001100111000010
0000000000011101001001010000000010100011
0000000000011010001011100010101110010110
0000000000011011011000000111010100000011
0000000000011001001010110100010011010101
0000000000011101011011011100010011000010
0000000000011010010011110010100110001111
0000000000011100010000000011010000010010
0000000000011100010000000011010000010010
0000000000011010010011110010100110001111
0000000000011101011011011100010011000010
0000000000011001001010110100010011010101
0000000000011011011000000111010100000011
0000000000011010001011100010101110010110
0000000000011101001001010000000010100011
0000000000011111000110100001100111000010
0000000000011101010000011011101110010110
0000000000011010110111111010100110000001
0000000000011001001000101101110011011110
0000000000011011100000010001010001100101
0000000000011000010101000001110000000001
0000000000011100010100100010010011010010
0000000000011010000011111100000010110101
0000000000011101000011100110010111000010
0000000000011001010011011010001110110000
0000000000011100010110110101000010010100
0000000000011010001110111111110100110101
0000000000011000001110111100001111100010
0000000000011010010101010100110001000110
0000000000011011010101100011101011100111
0000000000011111000011110010111000010001
0000000000011011000001010111111110100010
0000000000011100010011001011101110100001
0000000000011001001001111011110110010001
0000000000011100101111010101101011100010
0000000000010110100011001001001011000001
0000000000011101011011001010111111010111
0000000000011110011011101010001101000110
0000000000011111001111101111111111000010
0000000000011101010000000000110001100101
0000000000011001001010101110111111010100
0000000000011100000100001010000111010000
0000000000011000100010111001011101100010
0000000000011101011011111001011010000101
0000000000011011011011010101100011010010
0000000000011111011000100101100100010001
0000000000011101010100001010000011010101
0000000000011011011011011101110001111110
0000000000011000010101100110101110110001
0000000000011000000110001001000110010110
0000000000011000011011110000001110100010
0000000000010111000110011001001110010011
0000000000011101100100101100001011110110
0000000000011101011001100010100100010011
0000000000011110011100111100110000000101
0000000000011001000111110100011011100010
0000000000011000000110111011001001011111
0000000000011010010011001011010011110010
0000000000011010010011001011010011110010
0000000000011000000110111011001001011111
0000000000011001000111110100011011100010
0000000000011110011100111100110000000101
0000000000011101011001100010100100010011
0000000000011101100100101100001011110110
0000000000010111000110011001001110010011
0000000000011000011011110000001110100010
0000000000011000000110001001000110010110
0000000000011000010101100110101110110001
0000000000011011011011011101110001111110
0000000000011101010100001010000011010101
0000000000011111011000100101100100010001
0000000000011011011011010101100011010010
0000000000011101011011111001011010000101
0000000000011000100010111001011101100010
0000000000011100000100001010000111010000
0000000000011001001010101110111111010100
0000000000011101010000000000110001100101
0000000000011111001111101111111111000010
0000000000011110011011101010001101000110
0000000000011101011011001010111111010111
0000000000010110100011001001001011000001
0000000000011100101111010101101011100010
0000000000011001001001111011110110010001
0000000000011100010011001011101110100001
0000000000011011000001010111111110100010
0000000000011111000011110010111000010001
0000000000011011010101100011101011100111
0000000000011010010101010100110001000110
0000000000011000001110111100001111100010
0000000000011010001110111111110100110101
0000000000011100010110110101000010010100
0000000000011001010011011010001110110000
0000000000011101000011100110010111000010
0000000000011010000011111100000010110101
0000000000011100010100100010010011010010
0000000000011000010101000001110000000001
0000000000011011100000010001010001100101
0000000000011001001000101101110011011110
0000000000011010110111111010100110000001
0000000000011101010000011011101110010110
0000000000011111000110100001100111000010
0000000000011101001001010000000010100011
0000000000011010001011100010101110010110
0000000000011011011000000111010100000011
0000000000011001001010110100010011010101
0000000000011101011011011100010011000010
0000000000011010010011110010100110001111
0000000000011100010000000011010000010010
0000000000011100010000000011010000010010
0000000000011010010011110010100110001111
0000000000011101011011011100010011000010
0000000000011001001010110100010011010101
0000000000011011011000000111010100000011
0000000000011010001011100010101110010110
0000000000011101001001010000000010100011
0000000000011111000110100001100111000010
0000000000011101010000011011101110010110
0000000000011010110111111010100110000001
0000000000011001001000101101110011011110
0000000000011011100000010001010001100101
0000000000011000010101000001110000000001
0000000000011100010100100010010011010010
0000000000011010000011111100000010110101
0000000000011101000011100110010111000010
0000000000011001010011011010001110110000
0000000000011100010110110101000010010100
0000000000011010001110111111110100110101
0000000000011000001110111100001111100010
0000000000011010010101010100110001000110
0000000000011011010101100011101011100111
0000000000011111000011110010111000010001
0000000000011011000001010111111110100010
0000000000011100010011001011101110100001
0000000000011001001001111011110110010001
0000000000011100101111010101101011100010
0000000000010110100011001001001011000001
0000000000011101011011001010111111010111
0000000000011110011011101010001101000110
0000000000011111001111101111111111000010
0000000000011101010000000000110001100101
0000000000011001001010101110111111010100
0000000000011100000100001010000111010000
0000000000011000100010111001011101100010
0000000000011101011011111001011010000101
0000000000011011011011010101100011010010
0000000000011111011000100101100100010001
0000000000011101010100001010000011010101
0000000000011011011011011101110001111110
0000000000011000010101100110101110110001
0000000000011000000110001001000110010110
0000000000011000011011110000001110100010
0000000000010111000110011001001110010011
0000000000011101100100101100001011110110
0000000000011101011001100010100100010011
0000000000011110011100111100110000000101
0000000000011001000111110100011011100010
0000000000011000000110111011001001011111
0000000000011010010011001011010011110010
0000000000011010010011001011010011110010
0000000000011000000110111011001001011111
0000000000011001000111110100011011100010
0000000000011110011100111100110000000101
0000000000011101011001100010100100010011
0000000000011101100100101100001011110110
0000000000010111000110011001001110010011
0000000000011000011011110000001110100010
0000000000011000000110001001000110010110
0000000000011000010101100110101110110001
0000000000011011011011011101110001111110
0000000000011101010100001010000011010101
0000000000011111011000100101100100010001
0000000000011011011011010101100011010010
0000000000011101011011111001011010000101
0000000000011000100010111001011101100010
0000000000011100000100001010000111010000
0000000000011001001010101110111111010100
0000000000011101010000000000110001100101
0000000000011111001111101111111111000010
0000000000011110011011101010001101000110
0000000000011101011011001010111111010111
0000000000010110100011001001001011000001
0000000000011100101111010101101011100010
0000000000011001001001111011110110010001
0000000000011100010011001011101110100001
0000000000011011000001010111111110100010
0000000000011111000011110010111000010001
0000000000011011010101100011101011100111
0000000000011010010101010100110001000110
0000000000011000001110111100001111100010
0000000000011010001110111111110100110101
0000000000011100010110110101000010010100
0000000000011001010011011010001110110000
0000000000011101000011100110010111000010
0000000000011010000011111100000010110101
0000000000011100010100100010010011010010
0000000000011000010101000001110000000001
0000000000011011100000010001010001100101
0000000000011001001000101101110011011110
0000000000011010110111111010100110000001
0000000000011101010000011011101110010110
0000000000011111000110100001100111000010
0000000000011101001001010000000010100011
0000000000011010001011100010101110010110
0000000000011011011000000111010100000011
0000000000011001001010110100010011010101
0000000000011101011011011100010011000010
0000000000011010010011110010100110001111
0000000000011100010000000011010000010010
0000000000011100010000000011010000010010
0000000000011010010011110010100110001111
0000000000011101011011011100010011000010
0000000000011001001010110100010011010101
0000000000011011011000000111010100000011
0000000000011010001011100010101110010110
0000000000011101001001010000000010100011
0000000000011111000110100001100111000010
0000000000011101010000011011101110010110
0000000000011010110111111010100110000001
0000000000011001001000101101110011011110
0000000000011011100000010001010001100101
0000000000011000010101000001110000000001
0000000000011100010100100010010011010010
0000000000011010000011111100000010110101
0000000000011101000011100110010111000010
0000000000011001010011011010001110110000
0000000000011100010110110101000010010100
0000000000011010001110111111110100110101
0000000000011000001110111100001111100010
0000000000011010010101010100110001000110
0000000000011011010101100011101011100111
0000000000011111000011110010111000010001
0000000000011011000001010111111110100010
0000000000011100010011001011101110100001
0000000000011001001001111011110110010001
0000000000011100101111010101101011100010
0000000000010110100011001001001011000001
0000000000011101011011001010111111010111
0000000000011110011011101010001101000110
0000000000011111001111101111111111000010
0000000000011101010000000000110001100101
0000000000011001001010101110111111010100
0000000000011100000100001010000111010000
0000000000011000100010111001011101100010
0000000000011101011011111001011010000101
0000000000011011011011010101100011010010
0000000000011111011000100101100100010001
0000000000011101010100001010000011010101
0000000000011011011011011101110001111110
0000000000011000010101100110101110110001
0000000000011000000110001001000110010110
0000000000011000011011110000001110100010
0000000000010111000110011001001110010011
0000000000011101100100101100001011110110
0000000000011101011001100010100100010011
0000000000011110011100111100110000000101
0000000000011001000111110100011011100010
0000000000011000000110111011001001011111
0000000000011010010011001011010011110010
0000000000011010010011001011010011110010
0000000000011000000110111011001001011111
0000000000011001000111110100011011100010
0000000000011110011100111100110000000101
0000000000011101011001100010100100010011
0000000000011101100100101100001011110110
0000000000010111000110011001001110010011
0000000000011000011011110000001110100010
0000000000011000000110001001000110010110
0000000000011000010101100110101110110001
0000000000011011011011011101110001111110
0000000000011101010100001010000011010101
0000000000011111011000100101100100010001
0000000000011011011011010101100011010010
0000000000011101011011111001011010000101
0000000000011000100010111001011101100010
0000000000011100000100001010000111010000
0000000000011001001010101110111111010100
0000000000011101010000000000110001100101
0000000000011111001111101111111111000010
0000000000011110011011101010001101000110
0000000000011101011011001010111111010111
0000000000010110100011001001001011000001
0000000000011100101111010101101011100010
0000000000011001001001111011110110010001
0000000000011100010011001011101110100001
0000000000011011000001010111111110100010
0000000000011111000011110010111000010001
0000000000011011010101100011101011100111
0000000000011010010101010100110001000110
0000000000011000001110111100001111100010
0000000000011010001110111111110100110101
0000000000011100010110110101000010010100
0000000000011001010011011010001110110000
0000000000011101000011100110010111000010
0000000000011010000011111100000010110101
0000000000011100010100100010010011010010
0000000000011000010101000001110000000001
0000000000011011100000010001010001100101
0000000000011001001000101101110011011110
0000000000011010110111111010100110000001
0000000000011101010000011011101110010110
0000000000011111000110100001100111000010
0000000000011101001001010000000010100011
0000000000011010001011100010101110010110
0000000000011011011000000111010100000011
0000000000011001001010110100010011010101
0000000000011101011011011100010011000010
0000000000011010010011110010100110001111
0000000000011100010000000011010000010010
0000000000011100010000000011010000010010
0000000000011010010011110010100110001111
0000000000011101011011011100010011000010
0000000000011001001010110100010011010101
0000000000011011011000000111010100000011
0000000000011010001011100010101110010110
0000000000011101001001010000000010100011
0000000000011111000110100001100111000010
0000000000011101010000011011101110010110
0000000000011010110111111010100110000001
0000000000011001001000101101110011011110
0000000000011011100000010001010001100101
0000000000011000010101000001110000000001
0000000000011100010100100010010011010010
0000000000011010000011111100000010110101
0000000000011101000011100110010111000010
0000000000011001010011011010001110110000
0000000000011100010110110101000010010100
0000000000011010001110111111110100110101
0000000000011000001110111100001111100010
0000000000011010010101010100110001000110
0000000000011011010101100011101011100111
0000000000011111000011110010111000010001
0000000000011011000001010111111110100010
0000000000011100010011001011101110100001
0000000000011001001001111011110110010001
0000000000011100101111010101101011100010
0000000000010110100011001001001011000001
0000000000011101011011001010111111010111
0000000000011110011011101010001101000110
0000000000011111001111101111111111000010
0000000000011101010000000000110001100101
0000000000011001001010101110111111010100
0000000000011100000100001010000111010000
0000000000011000100010111001011101100010
0000000000011101011011111001011010000101
0000000000011011011011010101100011010010
0000000000011111011000100101100100010001
0000000000011101010100001010000011010101
0000000000011011011011011101110001111110
0000000000011000010101100110101110110001
0000000000011000000110001001000110010110
0000000000011000011011110000001110100010
0000000000010111000110011001001110010011
0000000000011101100100101100001011110110
0000000000011101011001100010100100010011
0000000000011110011100111100110000000101
0000000000011001000111110100011011100010
0000000000011000000110111011001001011111
0000000000011010010011001011010011110010
0000000000011010010011001011010011110010
0000000000011000000110111011001001011111
0000000000011001000111110100011011100010
0000000000011110011100111100110000000101
0000000000011101011001100010100100010011
0000000000011101100100101100001011110110
0000000000010111000110011001001110010011
0000000000011000011011110000001110100010
0000000000011000000110001001000110010110
0000000000011000010101100110101110110001
0000000000011011011011011101110001111110
0000000000011101010100001010000011010101
0000000000011111011000100101100100010001
0000000000011011011011010101100011010010
0000000000011101011011111001011010000101
0000000000011000100010111001011101100010
0000000000011100000100001010000111010000
0000000000011001001010101110111111010100
0000000000011101010000000000110001100101
0000000000011111001111101111111111000010
0000000000011110011011101010001101000110
0000000000011101011011001010111111010111
0000000000010110100011001001001011000001
0000000000011100101111010101101011100010
0000000000011001001001111011110110010001
0000000000011100010011001011101110100001
0000000000011011000001010111111110100010
0000000000011111000011110010111000010001
0000000000011011010101100011101011100111
0000000000011010010101010100110001000110
0000000000011000001110111100001111100010
0000000000011010001110111111110100110101
0000000000011100010110110101000010010100
0000000000011001010011011010001110110000
0000000000011101000011100110010111000010
0000000000011010000011111100000010110101
0000000000011100010100100010010011010010
0000000000011000010101000001110000000001
0000000000011011100000010001010001100101
0000000000011001001000101101110011011110
0000000000011010110111111010100110000001
0000000000011101010000011011101110010110
0000000000011111000110100001100111000010
0000000000011101001001010000000010100011
0000000000011010001011100010101110010110
0000000000011011011000000111010100000011
0000000000011001001010110100010011010101
0000000000011101011011011100010011000010
0000000000011010010011110010100110001111
0000000000011100010000000011010000010010
0000000000011100010000000011010000010010
0000000000011010010011110010100110001111
0000000000011101011011011100010011000010
0000000000011001001010110100010011010101
0000000000011011011000000111010100000011
0000000000011010001011100010101110010110
0000000000011101001001010000000010100011
0000000000011111000110100001100111000010
0000000000011101010000011011101110010110
0000000000011010110111111010100110000001
0000000000011001001000101101110011011110
0000000000011011100000010001010001100101
0000000000011000010101000001110000000001
0000000000011100010100100010010011010010
0000000000011010000011111100000010110101
0000000000011101000011100110010111000010
0000000000011001010011011010001110110000
0000000000011100010110110101000010010100
0000000000011010001110111111110100110101
0000000000011000001110111100001111100010
0000000000011010010101010100110001000110
0000000000011011010101100011101011100111
0000000000011111000011110010111000010001
0000000000011011000001010111111110100010
0000000000011100010011001011101110100001
0000000000011001001001111011110110010001
0000000000011100101111010101101011100010
0000000000010110100011001001001011000001
0000000000011101011011001010111111010111
0000000000011110011011101010001101000110
0000000000011111001111101111111111000010
0000000000011101010000000000110001100101
0000000000011001001010101110111111010100
0000000000011100000100001010000111010000
0000000000011000100010111001011101100010
0000000000011101011011111001011010000101
0000000000011011011011010101100011010010
0000000000011111011000100101100100010001
0000000000011101010100001010000011010101
0000000000011011011011011101110001111110
0000000000011000010101100110101110110001
0000000000011000000110001001000110010110
0000000000011000011011110000001110100010
0000000000010111000110011001001110010011
0000000000011101100100101100001011110110
0000000000011101011001100010100100010011
0000000000011110011100111100110000000101
0000000000011001000111110100011011100010
0000000000011000000110111011001001011111
0000000000011010010011001011010011110010
0000000000011010010011001011010011110010
0000000000011000000110111011001001011111
0000000000011001000111110100011011100010
0000000000011110011100111100110000000101
0000000000011101011001100010100100010011
0000000000011101100100101100001011110110
0000000000010111000110011001001110010011
0000000000011000011011110000001110100010
0000000000011000000110001001000110010110
0000000000011000010101100110101110110001
0000000000011011011011011101110001111110
0000000000011101010100001010000011010101
0000000000011111011000100101100100010001
0000000000011011011011010101100011010010
0000000000011101011011111001011010000101
0000000000011000100010111001011101100010
0000000000011100000100001010000111010000
0000000000011001001010101110111111010100
0000000000011101010000000000110001100101
0000000000011111001111101111111111000010
0000000000011110011011101010001101000110
0000000000011101011011001010111111010111
0000000000010110100011001001001011000001
0000000000011100101111010101101011100010
0000000000011001001001111011110110010001
0000000000011100010011001011101110100001
0000000000011011000001010111111110100010
0000000000011111000011110010111000010001
0000000000011011010101100011101011100111
0000000000011010010101010100110001000110
0000000000011000001110111100001111100010
0000000000011010001110111111110100110101
0000000000011100010110110101000010010100
0000000000011001010011011010001110110000
0000000000011101000011100110010111000010
0000000000011010000011111100000010110101
0000000000011100010100100010010011010010
0000000000011000010101000001110000000001
0000000000011011100000010001010001100101
0000000000011001001000101101110011011110
0000000000011010110111111010100110000001
0000000000011101010000011011101110010110
0000000000011111000110100001100111000010
0000000000011101001001010000000010100011
0000000000011010001011100010101110010110
0000000000011011011000000111010100000011
0000000000011001001010110100010011010101
0000000000011101011011011100010011000010
0000000000011010010011110010100110001111
0000000000011100010000000011010000010010
0000000000011100010000000011010000010010
0000000000011010010011110010100110001111
0000000000011101011011011100010011000010
0000000000011001001010110100010011010101
0000000000011011011000000111010100000011
0000000000011010001011100010101110010110
0000000000011101001001010000000010100011
0000000000011111000110100001100111000010
0000000000011101010000011011101110010110
0000000000011010110111111010100110000001
0000000000011001001000101101110011011110
0000000000011011100000010001010001100101
0000000000011000010101000001110000000001
0000000000011100010100100010010011010010
0000000000011010000011111100000010110101
0000000000011101000011100110010111000010
0000000000011001010011011010001110110000
0000000000011100010110110101000010010100
0000000000011010001110111111110100110101
0000000000011000001110111100001111100010
0000000000011010010101010100110001000110
0000000000011011010101100011101011100111
0000000000011111000011110010111000010001
0000000000011011000001010111111110100010
0000000000011100010011001011101110100001
0000000000011001001001111011110110010001
0000000000011100101111010101101011100010
0000000000010110100011001001001011000001
0000000000011101011011001010111111010111
0000000000011110011011101010001101000110
0000000000011111001111101111111111000010
0000000000011101010000000000110001100101
0000000000011001001010101110111111010100
0000000000011100000100001010000111010000
0000000000011000100010111001011101100010
0000000000011101011011111001011010000101
0000000000011011011011010101100011010010
0000000000011111011000100101100100010001
0000000000011101010100001010000011010101
0000000000011011011011011101110001111110
0000000000011000010101100110101110110001
0000000000011000000110001001000110010110
0000000000011000011011110000001110100010
0000000000010111000110011001001110010011
0000000000011101100100101100001011110110
0000000000011101011001100010100100010011
0000000000011110011100111100110000000101
0000000000011001000111110100011011100010
0000000000011000000110111011001001011111
0000000000011010010011001011010011110010
0000000000011010010011001011010011110010
0000000000011000000110111011001001011111
0000000000011001000111110100011011100010
0000000000011110011100111100110000000101
0000000000011101011001100010100100010011
0000000000011101100100101100001011110110
0000000000010111000110011001001110010011
0000000000011000011011110000001110100010
0000000000011000000110001001000110010110
0000000000011000010101100110101110110001
0000000000011011011011011101110001111110
0000000000011101010100001010000011010101
0000000000011111011000100101100100010001
0000000000011011011011010101100011010010
0000000000011101011011111001011010000101
0000000000011000100010111001011101100010
0000000000011100000100001010000111010000
0000000000011001001010101110111111010100
0000000000011101010000000000110001100101
0000000000011111001111101111111111000010
0000000000011110011011101010001101000110
0000000000011101011011001010111111010111
0000000000010110100011001001001011000001
0000000000011100101111010101101011100010
0000000000011001001001111011110110010001
0000000000011100010011001011101110100001
0000000000011011000001010111111110100010
0000000000011111000011110010111000010001
0000000000011011010101100011101011100111
0000000000011010010101010100110001000110
0000000000011000001110111100001111100010
0000000000011010001110111111110100110101
0000000000011100010110110101000010010100
0000000000011001010011011010001110110000
0000000000011101000011100110010111000010
0000000000011010000011111100000010110101
0000000000011100010100100010010011010010
0000000000011000010101000001110000000001
0000000000011011100000010001010001100101
0000000000011001001000101101110011011110
0000000000011010110111111010100110000001
0000000000011101010000011011101110010110
0000000000011111000110100001100111000010
0000000000011101001001010000000010100011
0000000000011010001011100010101110010110
0000000000011011011000000111010100000011
0000000000011001001010110100010011010101
0000000000011101011011011100010011000010
0000000000011010010011110010100110001111
0000000000011100010000000011010000010010
0000000000011100010000000011010000010010
0000000000011010010011110010100110001111
0000000000011101011011011100010011000010
0000000000011001001010110100010011010101
0000000000011011011000000111010100000011
0000000000011010001011100010101110010110
0000000000011101001001010000000010100011
0000000000011111000110100001100111000010
0000000000011101010000011011101110010110
0000000000011010110111111010100110000001
0000000000011001001000101101110011011110
0000000000011011100000010001010001100101
0000000000011000010101000001110000000001
0000000000011100010100100010010011010010
0000000000011010000011111100000010110101
0000000000011101000011100110010111000010
0000000000011001010011011010001110110000
0000000000011100010110110101000010010100
0000000000011010001110111111110100110101
0000000000011000001110111100001111100010
0000000000011010010101010100110001000110
0000000000011011010101100011101011100111
0000000000011111000011110010111000010001
0000000000011011000001010111111110100010
0000000000011100010011001011101110100001
0000000000011001001001111011110110010001
0000000000011100101111010101101011100010
0000000000010110100011001001001011000001
0000000000011101011011001010111111010111
0000000000011110011011101010001101000110
0000000000011111001111101111111111000010
0000000000011101010000000000110001100101
0000000000011001001010101110111111010100
0000000000011100000100001010000111010000
0000000000011000100010111001011101100010
0000000000011100010011010111010101110101
0000000000011001001110110010010111000001
0000000000011101001011111110010011111111
0000000000011011001011010101111011000011
0000000000011001000110011000100001011100
0000000000010101000000111111011110101110
0000000000010100111001000001101101110011
0000000000010100111110010101110101101111
0000000000010000101100001010110101011110
0000000000011000000110001101101110100001
0000000000010111110111010110000010010000
0000000000010111111110101101000010001111
0000000000010011101001001111101101111100
0000000000010010101100001010100111011001
0000000000010110101111111100101001001101
0000000000010100101100011001100101011100
0000000000010010011111011010001011101001
0000000000010100101000000010110001001110
0000000000011001110000111100110101101111
0000000000011001110010001110100101111010
0000000000010110111100011010001100100000
0000000000010010011111001000010011011110
0000000000010010110000110110000111111010
0000000000010001011010100011000111011100
0000000000010001100001111100100111001011
0000000000010011100011000100101110110110
0000000000010101011100011111101101011100
0000000000010110011100011010011100101010
0000000000010000011101101010000111101011
0000000000010001011111011000001011101001
0000000000001111011010001100111110011001
0000000000010000001110001100110010110111
0000000000001110001001011101011110111001
0000000000010010010010110001000110011001
0000000000010101000101011101100010101000
0000000000010001001101100001101100000111
0000000000001110111101001010111110111001
0000000000001100000011010001011001110010
0000000000010000000000011001101111000110
0000000000001011101111000100000110000101
0000000000001111110100010000100001110011
0000000000001110101000100001000101000101
0000000000010000110011101000101110010111
0000000000001011110100100000100001010111
0000000000001100110000010100101010001000
0000000000001100100110001010111001010010
0000000000001010101110001111111011000100
0000000000001011100110011110111000100011
0000000000001010100110001010110100100000
0000000000001011011010011011110100000001
0000000000001001100111001111101100110101
0000000000001011101010001000100011101111
0000000000001011011111000111110111111111
0000000000001001101101110011011101110000
0000000000000111011101110010111111101110
0000000000001011010101100000011101111100
0000000000001011011100101110110110000001
0000000000001011011000010001001001101110
0000000000001001011100101100011000111100
0000000000001011010001000000001110101101
0000000000001100011100010100010010101111
0000000000000111111111001001111001001011
0000000000001000011111011000000110011011
0000000000000111111010110001110101011010
0000000000001001010111101011111001001011
0000000000000111111110000010111001011011
0000000000000111010011010011010000111011
0000000000001001001010110011111100001010
0000000000000111000010001000000101001110
0000000000000011111101011110101000001000
0000000000000011111000110000111011101100
0000000000000110110110000000100100011100
0000000000000110100100011110001000011001
0000000000000011111101001000011100001000
0000000000000100110101011100000011101010
0000000000000110110001111100011011110110
0000000000000110101100111010001111111000
0000000000000001110100101000010111010110
0000000000000100101100110111011111001000
0000000000000101100011011001000110000110
0000000000000101101100101000011011011000
0000000000000010101011000000111110010111
0000000000000101101011101001000010011000
0000000000000111100011100010101110100111
0000000000000011101011100100111010100111
0000000000000011100110111110110010010101
0000000000000100100011000001101110010101
0000000000000101011110111101101010010011
0000000000000011011010101100100101010100
0000000000000010100001101100101101100011
0000000000000101011001111010100001000011
0000000000000011011010001100101001100100
0000000000000010010001101000011001000101
0000000000000010001100111001011000110011
0000000000000010001100100110010000110100
0000000000000001000100110100001000010010
0000000000000000000100010011001100100010
0000000000000001000000010010000000010001
0000000000000001000100010011000100010001
0000000000000000000000000000000000000000
0000000000000000000000000000000000000000
0000000000000000000000000000000000000000
0000000000000000000000000000000000000000
0000000000000000000000000000000000000000
0000000000000000000000000000000000000000
0000000000000000000000000000000000000000
0000000000000000000000000000000000000000
0000000000000000000000000000000000000000
0000000000000000000000000000000000000000
0000000000000000000000000000000000000000
0000000000000000000000000000000000000000
0000000000000000000000000000000000000000
0000000000000000000000000000000000000000
0000000000000000000000000000000000000000
0000000000000000000000000000000000000000
0000000000000000000000000000000000000000
0000000000000000000000000000000000000000
0000000000000000000000000000000000000000
0000000000000000000000000000000000000000
0000000000000000000000000000000000000000
0000000000000000000000000000000000000000
0000000000000000000000000000000000000000
0000000000000000000000000000000000000000
0000000000000000000000000000000000000000
0000000000000000000000000000000000000000
0000000000000000000000000000000000000000
0000000000000000000000000000000000000000
0000000000000000000000000000000000000000
0000000000000000000000000000000000000000
0000000000000000000000000000000000000000
0000000000000000000000000000000000000000
0000000000000000000000000000000000000000
0000000000000000000000000000000000000000
0000000000000000000000000000000000000000
0000000000000000000000000000000000000000
0000000000000000000000000000000000000000
0000000000000000000000000000000000000000
0000000000000000000000000000000000000000
0000000000000000000000000000000000000000
0000000000000000000000000000000000000000
0000000000000000000000000000000000000000
0000000000000000000000000000000000000000
0000000000000000000000000000000000000000
0000000000000000000000000000000000000000
0000000000000000000000000000000000000000
0000000000000000000000000000000000000000
0000000000000000000000000000000000000000
0000000000000000000000000000000000000000
0000000000000000000000000000000000000000
0000000000000000000000000000000000000000
0000000000000000000000000000000000000000
0000000000000000000000000000000000000000
0000000000000000000000000000000000000000
0000000000000000000000000000000000000000
0000000000000000000000000000000000000000
0000000000000000000000000000000000000000
0000000000000000000000000000000000000000
0000000000000000000000000000000000000000
0000000000000000000000000000000000000000
0000000000000000000000000000000000000000
0000000000000000000000000000000000000000
0000000000000000000000000000000000000000
0000000000000000000000000000000000000000
0000000000000000000000000000000000000000
0000000000000000000000000000000000000000
0000000000000000000000000000000000000000
0000000000000000000000000000000000000000
0000000000000000000000000000000000000000
0000000000000000000000000000000000000000
0000000000000000000000000000000000000000
0000000000000000000000000000000000000000
0000000000000000000000000000000000000000
0000000000000000000000000000000000000000
0000000000000000000000000000000000000000
0000000000000000000000000000000000000000
0000000000000000000000000000000000000000
0000000000000000000000000000000000000000
0000000000000000000000000000000000000000
0000000000000000000000000000000000000000
0000000000000000000000000000000000000000
0000000000000000000000000000000000000000
0000000000000000000000000000000000000000
0000000000000000000000000000000000000000
0000000000000000000000000000000000000000
0000000000000000000000000000000000000000
0000000000000000000000000000000000000000
0000000000000000000000000000000000000000
0000000000000000000000000000000000000000
0000000000000000000000000000000000000000
0000000000000000000000000000000000000000
0000000000000000000000000000000000000000
0000000000000000000000000000000000000000
0000000000000000000000000000000000000000
0000000000000000000000000000000000000000
0000000000000000000000000000000000000000
0000000000000000000000000000000000000000
0000000000000000000000000000000000000000
0000000000000000000000000000000000000000
0000000000000000000000000000000000000000
0000000000000000000000000000000000000000
0000000000000000000000000000000000000000
0000000000000000000000000000000000000000
0000000000000000000000000000000000000000
0000000000000000000000000000000000000000
0000000000000000000000000000000000000000
0000000000000000000000000000000000000000
0000000000000000000000000000000000000000
0000000000000000000000000000000000000000
0000000000000000000000000000000000000000
0000000000000000000000000000000000000000
0000000000000000000000000000000000000000
0000000000000000000000000000000000000000
0000000000000000000000000000000000000000
0000000000000000000000000000000000000000
0000000000000000000000000000000000000000
0000000000000000000000000000000000000000
0000000000000000000000000000000000000000
0000000000000000000000000000000000000000
0000000000000000000000000000000000000000
0000000000000000000000000000000000000000
0000000000000000000000000000000000000000
0000000000000000000000000000000000000000
0000000000000000000000000000000000000000
0000000000000000000000000000000000000000
0000000000000000000000000000000000000000
0000000000000000000000000000000000000000
0000000000000000000000000000000000000000
0000000000000000000000000000000000000000
0000000000000000000000000000000000000000
0000000000000000000000000000000000000000
0000000000000000000000000000000000000000
0000000000000000000000000000000000000000
0000000000000000000000000000000000000000
0000000000000000000000000000000000000000
0000000000000000000000000000000000000000
0000000000000000000000000000000000000000
0000000000000000000000000000000000000000
0000000000000000000000000000000000000000
0000000000000000000000000000000000000000
0000000000000000000000000000000000000000
0000000000000000000000000000000000000000
