0000000000000000000000000000000000000000
0000000000000000000000000000000000000000
0000000000000000000000000000000000000000
0000000000000001000100000010000100000001
0000000000000001000000000011000100000010
0000000000000000001000100011001100010011
0000000000000001000100000010001000010010
0000000000000001000100100110010000100011
0000000000000000001000010011001000010010
0000000000000010001000110110010101000011
0000000000000010000101000101001000110010
0000000000000010010101011010011001100011
0000000000000011010001000111011101000010
0000000000000100010001101111011001110100
0000000000000011001101101010010001100101
0000000000000011010110011101100110000101
0000000000000011011101111011100101100101
0000000000000100100010011110110110000110
0000000000000101100011000001110010000110
0000000000000110101000000010111010101000
0000000000000101100111100010001010010110
0000000000000110101000000011000011000110
0000000000000101100111001000000010111000
0000000000000110110000001011001111000111
0000000000000111100100101011111111010110
0000000000000111111000111101000111101001
0000000000000111001000011010001111010111
0000000000001010000000110000010111111010
0000000000000111111100111101001111110111
0000000000001010111101011011101111111000
0000000000000111000110100000011111101011
0000000000001011000101110100101100001100
0000000000001010000101111110100111110111
0000000000001001001111100010100111101010
0000000000001010000110100001100111111100
0000000000001010111111101001101000111001
0000000000001011011010110110101001101010
0000000000001011010111011000111001001010
0000000000001010010010101011111000101100
0000000000001101011111011100110101011011
0000000000001011010111010111111101101100
0000000000001010101000101101001000111010
0000000000001100001101011100110101101101
0000000000001100101100111100010110001011
0000000000001101100010101100001101101010
0000000000001110011001110001001010011101
0000000000001111101001100101011010001111
0000000000001101100101001000010010001101
0000000000001011110110110001101000010010
0000000000001100101000010111010101111011
0000000000001111110110010011111011011101
0000000000001101101001001011011110110001
0000000000010010110011111010100111010000
0000000000001010110010011000101011001110
0000000000010001101011110000101100100101
0000000000001011101111010111110111010001
0000000000001111110011000010101100100011
0000000000001010101000100010111000100001
0000000000001111111010000110111100000001
0000000000010010110100101010010101010001
0000000000010001111011001000000100110111
0000000000010001101101001001000101001111
0000000000010000000011110011000010110111
0000000000010001000001100010011101100101
0000000000010001000110000111000001110100
0000000000010100010000100111011001100100
0000000000010010110010000111010101110011
0000000000010100010111101100101010110010
0000000000010100000101111100110001111010
0000000000010110000111100101010000000011
0000000000010011000110011100101110111000
0000000000010110010111001111110100100110
0000000000010001010111000101111011000111
0000000000010111001110110011110110110100
0000000000010110010100100100111011010110
0000000000010111101101011010001010100110
0000000000010110011001011001001000011001
0000000000010101110011110011010111010101
0000000000010111010100101111000100101011
0000000000010101101111110100100111010110
0000000000011000011101000101001100101000
0000000000010111101101101010010110111010
0000000000011000000101101100011001001000
0000000000011011110101111110001100110100
0000000000011001111010100010011001011110
0000000000011000101101111110100111101010
0000000000011001001011010000110001101000
0000000000011011001001101010100000001110
0000000000011010010000100001010000111011
0000000000011001001010010010101111111001
0000000000011011000100011111001010111111
0000000000011010111010001011110101100111
0000000000011101010000101101000110100000
0000000000011001010010100110000010001101
0000000000011101110000101100001001111001
0000000000010110011000111011101110001100
0000000000100000100011101111101110111111
0000000000011001010000111010010010011000
0000000000011100010111010000000010101101
0000000000011010010001101011101100101111
0000000000011010101011101110100100111100
0000000000011100010100101110001010010001
0000000000011100010100101110001010010001
0000000000011010110000010000101101001101
0000000000011011011110011111111001010001
0000000000011110100000000111010111110000
0000000000011010011010000000011111001010
0000000000100010111001000111000111110010
0000000000011001100110000010111110011110
0000000000011111000110100101100111001100
0000000000011011100111111110011111011111
0000000000100000100111011011110000010011
0000000000011101010101000110011011001001
0000000000011101100011001011111000110011
0000000000011011100100011111011101101110
0000000000011110101010111111111011010000
0000000000011110100000101101001110100011
0000000000011011100010011111100011101110
0000000000011011001101010000101010010000
0000000000011101011101011001011100000110
0000000000011111100010000100010111001010
0000000000011010101101000010101000001110
0000000000011101100010110011100101110010
0000000000011110001001101101100100111111
0000000000011001100111111011111010001100
0000000000011100000001000110011100000100
0000000000011011010100011101011010111100
0000000000011100001100001010101001010011
0000000000011100100010110101110110101101
0000000000011011010111010100100011101110
0000000000011111000011100110001110101111
0000000000011010100101101100101011110011
0000000000011100010101001110101000101101
0000000000011100010000110011011000000010
0000000000011101001110001100100000011111
0000000000011101100100100010110110100011
0000000000011011011111010011110000011100
0000000000011100111010110001011010111101
0000000000100000100101010000001011010000
0000000000011010010011100011011000111111
0000000000011100101011000010101011010001
0000000000011011001011100001001011110001
0000000000011110010101111100001110001100
0000000000011100011001000101011011010010
0000000000011111100001011101101011011011
0000000000011001110111011100101110101110
0000000000011001100011011010111011000000
0000000000011011101101101100001100000000
0000000000011011011001101110101110000011
0000000000100000011111010101000110110000
0000000000011001101111010010001110111011
0000000000100011110111111101101110110001
0000000000011001101000001101011010100001
0000000000100100110011100011111100101011
0000000000011100110101011100011010110000
0000000000100010000111111010000100110011
0000000000011110111001111111010111100000
0000000000100111110110100101011111100000
0000000000100001101000000100010010001110
0000000000011111000000110001101111001011
0000000000011111001111010110001000110010
0000000000100000111101100110011100001100
0000000000100001000111111111111000100001
0000000000100001000011011001101111000001
0000000000100101000110010000010011101111
0000000000100000111011101001101111010000
0000000000100001001110001110010111001101
0000000000100001001001101000100000011100
0000000000100010111101011101111000110011
0000000000100011010000011011101100001111
0000000000100001000100111010110010000010
0000000000100010000110111111010111111101
0000000000100110000011101000000011100011
0000000000100001010110000000100111011111
0000000000100011001010010011001111001110
0000000000100010000111101101101101111101
0000000000100100001010110011101101100011
0000000000100110001000011001101111011100
0000000000100010011011110111101111100100
0000000000100100101001001010101000001100
0000000000100011001000000001001111101111
0000000000100010110110101101110011010010
0000000000100100110000000101101000001110
0000000000011110110111000100110011101010
0000000000100111000110100010010011100110
0000000000100000000111100011111010110000
0000000000100010000100010111101011101110
0000000000011110000010010111101111110011
0000000000100100110100011010000011110000
0000000000100000101111101100011011001110
0000000000100001000110010001001000100011
0000000000100001000011011010011101111001
0000000000100000000110100000110100100011
0000000000100011101001010100111000101111
0000000000011100001110101011101100001100
0000000000100101100111111110101010011110
0000000000011101101100001101101111110010
0000000000100100000011001010000111001010
0000000000011100111000000000101111010000
0000000000100011110011001011001000100001
0000000000100011101100110001000110011101
0000000000100000000110111111001011100001
0000000000100000000110111111001011100001
0000000000100011101100110001000110011101
0000000000100011110011001011001000100001
0000000000011100111000000000101111010000
0000000000100100000011001010000111001010
0000000000011101101100001101101111110010
0000000000100101100111111110101010011110
0000000000011100001110101011101100001100
0000000000100011101001010100111000101111
0000000000100000000110100000110100100011
0000000000100001000011011010011101111001
0000000000100001000110010001001000100011
0000000000100000101111101100011011001110
0000000000100100110100011010000011110000
0000000000011110000010010111101111110011
0000000000100010000100010111101011101110
0000000000100000000111100011111010110000
0000000000100111000110100010010011100110
0000000000011110110111000100110011101010
0000000000100100110000000101101000001110
0000000000100010110110101101110011010010
0000000000100011001000000001001111101111
0000000000100100101001001010101000001100
0000000000100010011011110111101111100100
0000000000100110001000011001101111011100
0000000000100100001010110011101101100011
0000000000100010000111101101101101111101
0000000000100011001010010011001111001110
0000000000100001010110000000100111011111
0000000000100110000011101000000011100011
0000000000100010000110111111010111111101
0000000000100001000100111010110010000010
0000000000100011010000011011101100001111
0000000000100010111101011101111000110011
0000000000100001001001101000100000011100
0000000000100001001110001110010111001101
0000000000100000111011101001101111010000
0000000000100101000110010000010011101111
0000000000100001000011011001101111000001
0000000000100001000111111111111000100001
0000000000100000111101100110011100001100
0000000000011111001111010110001000110010
0000000000011111000000110001101111001011
0000000000100001101000000100010010001110
0000000000100111110110100101011111100000
0000000000011110111001111111010111100000
0000000000100010000111111010000100110011
0000000000011100110101011100011010110000
0000000000100100110011100011111100101011
0000000000011001101000001101011010100001
0000000000100011110111111101101110110001
0000000000011001101111010010001110111011
0000000000100000011111010101000110110000
0000000000011011011001101110101110000011
0000000000011011101101101100001100000000
0000000000011001100011011010111011000000
0000000000011001110111011100101110101110
0000000000011111100001011101101011011011
0000000000011100011001000101011011010010
0000000000011110010101111100001110001100
0000000000011011001011100001001011110001
0000000000011100101011000010101011010001
0000000000011010010011100011011000111111
0000000000100000100101010000001011010000
0000000000011100111010110001011010111101
0000000000011011011111010011110000011100
0000000000011101100100100010110110100011
0000000000011101001110001100100000011111
0000000000011100010000110011011000000010
0000000000011100010101001110101000101101
0000000000011010100101101100101011110011
0000000000011111000011100110001110101111
0000000000011011010111010100100011101110
0000000000011100100010110101110110101101
0000000000011100001100001010101001010011
0000000000011011010100011101011010111100
0000000000011100000001000110011100000100
0000000000011001100111111011111010001100
0000000000011110001001101101100100111111
0000000000011101100010110011100101110010
0000000000011010101101000010101000001110
0000000000011111100010000100010111001010
0000000000011101011101011001011100000110
0000000000011011001101010000101010010000
0000000000011011100010011111100011101110
0000000000011110100000101101001110100011
0000000000011110101010111111111011010000
0000000000011011100100011111011101101110
0000000000011101100011001011111000110011
0000000000011101010101000110011011001001
0000000000100000100111011011110000010011
0000000000011011100111111110011111011111
0000000000011111000110100101100111001100
0000000000011001100110000010111110011110
0000000000100010111001000111000111110010
0000000000011010011010000000011111001010
0000000000011110100000000111010111110000
0000000000011011011110011111111001010001
0000000000011010110000010000101101001101
0000000000011100010100101110001010010001
0000000000011100010100101110001010010001
0000000000011010110000010000101101001101
0000000000011011011110011111111001010001
0000000000011110100000000111010111110000
0000000000011010011010000000011111001010
0000000000100010111001000111000111110010
0000000000011001100110000010111110011110
0000000000011111000110100101100111001100
0000000000011011100111111110011111011111
0000000000100000100111011011110000010011
0000000000011101010101000110011011001001
0000000000011101100011001011111000110011
0000000000011011100100011111011101101110
0000000000011110101010111111111011010000
0000000000011110100000101101001110100011
0000000000011011100010011111100011101110
0000000000011011001101010000101010010000
0000000000011101011101011001011100000110
0000000000011111100010000100010111001010
0000000000011010101101000010101000001110
0000000000011101100010110011100101110010
0000000000011110001001101101100100111111
0000000000011001100111111011111010001100
0000000000011100000001000110011100000100
0000000000011011010100011101011010111100
0000000000011100001100001010101001010011
0000000000011100100010110101110110101101
0000000000011011010111010100100011101110
0000000000011111000011100110001110101111
0000000000011010100101101100101011110011
0000000000011100010101001110101000101101
0000000000011100010000110011011000000010
0000000000011101001110001100100000011111
0000000000011101100100100010110110100011
0000000000011011011111010011110000011100
0000000000011100111010110001011010111101
0000000000100000100101010000001011010000
0000000000011010010011100011011000111111
0000000000011100101011000010101011010001
0000000000011011001011100001001011110001
0000000000011110010101111100001110001100
0000000000011100011001000101011011010010
0000000000011111100001011101101011011011
0000000000011001110111011100101110101110
0000000000011001100011011010111011000000
0000000000011011101101101100001100000000
0000000000011011011001101110101110000011
0000000000100000011111010101000110110000
0000000000011001101111010010001110111011
0000000000100011110111111101101110110001
0000000000011001101000001101011010100001
0000000000100100110011100011111100101011
0000000000011100110101011100011010110000
0000000000100010000111111010000100110011
0000000000011110111001111111010111100000
0000000000100111110110100101011111100000
0000000000100001101000000100010010001110
0000000000011111000000110001101111001011
0000000000011111001111010110001000110010
0000000000100000111101100110011100001100
0000000000100001000111111111111000100001
0000000000100001000011011001101111000001
0000000000100101000110010000010011101111
0000000000100000111011101001101111010000
0000000000100001001110001110010111001101
0000000000100001001001101000100000011100
0000000000100010111101011101111000110011
0000000000100011010000011011101100001111
0000000000100001000100111010110010000010
0000000000100010000110111111010111111101
0000000000100110000011101000000011100011
0000000000100001010110000000100111011111
0000000000100011001010010011001111001110
0000000000100010000111101101101101111101
0000000000100100001010110011101101100011
0000000000100110001000011001101111011100
0000000000100010011011110111101111100100
0000000000100100101001001010101000001100
0000000000100011001000000001001111101111
0000000000100010110110101101110011010010
0000000000100100110000000101101000001110
0000000000011110110111000100110011101010
0000000000100111000110100010010011100110
0000000000100000000111100011111010110000
0000000000100010000100010111101011101110
0000000000011110000010010111101111110011
0000000000100100110100011010000011110000
0000000000100000101111101100011011001110
0000000000100001000110010001001000100011
0000000000100001000011011010011101111001
0000000000100000000110100000110100100011
0000000000100011101001010100111000101111
0000000000011100001110101011101100001100
0000000000100101100111111110101010011110
0000000000011101101100001101101111110010
0000000000100100000011001010000111001010
0000000000011100111000000000101111010000
0000000000100011110011001011001000100001
0000000000100011101100110001000110011101
0000000000100000000110111111001011100001
0000000000100000000110111111001011100001
0000000000100011101100110001000110011101
0000000000100011110011001011001000100001
0000000000011100111000000000101111010000
0000000000100100000011001010000111001010
0000000000011101101100001101101111110010
0000000000100101100111111110101010011110
0000000000011100001110101011101100001100
0000000000100011101001010100111000101111
0000000000100000000110100000110100100011
0000000000100001000011011010011101111001
0000000000100001000110010001001000100011
0000000000100000101111101100011011001110
0000000000100100110100011010000011110000
0000000000011110000010010111101111110011
0000000000100010000100010111101011101110
0000000000100000000111100011111010110000
0000000000100111000110100010010011100110
0000000000011110110111000100110011101010
0000000000100100110000000101101000001110
0000000000100010110110101101110011010010
0000000000100011001000000001001111101111
0000000000100100101001001010101000001100
0000000000100010011011110111101111100100
0000000000100110001000011001101111011100
0000000000100100001010110011101101100011
0000000000100010000111101101101101111101
0000000000100011001010010011001111001110
0000000000100001010110000000100111011111
0000000000100110000011101000000011100011
0000000000100010000110111111010111111101
0000000000100001000100111010110010000010
0000000000100011010000011011101100001111
0000000000100010111101011101111000110011
0000000000100001001001101000100000011100
0000000000100001001110001110010111001101
0000000000100000111011101001101111010000
0000000000100101000110010000010011101111
0000000000100001000011011001101111000001
0000000000100001000111111111111000100001
0000000000100000111101100110011100001100
0000000000011111001111010110001000110010
0000000000011111000000110001101111001011
0000000000100001101000000100010010001110
0000000000100111110110100101011111100000
0000000000011110111001111111010111100000
0000000000100010000111111010000100110011
0000000000011100110101011100011010110000
0000000000100100110011100011111100101011
0000000000011001101000001101011010100001
0000000000100011110111111101101110110001
0000000000011001101111010010001110111011
0000000000100000011111010101000110110000
0000000000011011011001101110101110000011
0000000000011011101101101100001100000000
0000000000011001100011011010111011000000
0000000000011001110111011100101110101110
0000000000011111100001011101101011011011
0000000000011100011001000101011011010010
0000000000011110010101111100001110001100
0000000000011011001011100001001011110001
0000000000011100101011000010101011010001
0000000000011010010011100011011000111111
0000000000100000100101010000001011010000
0000000000011100111010110001011010111101
0000000000011011011111010011110000011100
0000000000011101100100100010110110100011
0000000000011101001110001100100000011111
0000000000011100010000110011011000000010
0000000000011100010101001110101000101101
0000000000011010100101101100101011110011
0000000000011111000011100110001110101111
0000000000011011010111010100100011101110
0000000000011100100010110101110110101101
0000000000011100001100001010101001010011
0000000000011011010100011101011010111100
0000000000011100000001000110011100000100
0000000000011001100111111011111010001100
0000000000011110001001101101100100111111
0000000000011101100010110011100101110010
0000000000011010101101000010101000001110
0000000000011111100010000100010111001010
0000000000011101011101011001011100000110
0000000000011011001101010000101010010000
0000000000011011100010011111100011101110
0000000000011110100000101101001110100011
0000000000011110101010111111111011010000
0000000000011011100100011111011101101110
0000000000011101100011001011111000110011
0000000000011101010101000110011011001001
0000000000100000100111011011110000010011
0000000000011011100111111110011111011111
0000000000011111000110100101100111001100
0000000000011001100110000010111110011110
0000000000100010111001000111000111110010
0000000000011010011010000000011111001010
0000000000011110100000000111010111110000
0000000000011011011110011111111001010001
0000000000011010110000010000101101001101
0000000000011100010100101110001010010001
0000000000011100010100101110001010010001
0000000000011010110000010000101101001101
0000000000011011011110011111111001010001
0000000000011110100000000111010111110000
0000000000011010011010000000011111001010
0000000000100010111001000111000111110010
0000000000011001100110000010111110011110
0000000000011111000110100101100111001100
0000000000011011100111111110011111011111
0000000000100000100111011011110000010011
0000000000011101010101000110011011001001
0000000000011101100011001011111000110011
0000000000011011100100011111011101101110
0000000000011110101010111111111011010000
0000000000011110100000101101001110100011
0000000000011011100010011111100011101110
0000000000011011001101010000101010010000
0000000000011101011101011001011100000110
0000000000011111100010000100010111001010
0000000000011010101101000010101000001110
0000000000011101100010110011100101110010
0000000000011110001001101101100100111111
0000000000011001100111111011111010001100
0000000000011100000001000110011100000100
0000000000011011010100011101011010111100
0000000000011100001100001010101001010011
0000000000011100100010110101110110101101
0000000000011011010111010100100011101110
0000000000011111000011100110001110101111
0000000000011010100101101100101011110011
0000000000011100010101001110101000101101
0000000000011100010000110011011000000010
0000000000011101001110001100100000011111
0000000000011101100100100010110110100011
0000000000011011011111010011110000011100
0000000000011100111010110001011010111101
0000000000100000100101010000001011010000
0000000000011010010011100011011000111111
0000000000011100101011000010101011010001
0000000000011011001011100001001011110001
0000000000011110010101111100001110001100
0000000000011100011001000101011011010010
0000000000011111100001011101101011011011
0000000000011001110111011100101110101110
0000000000011001100011011010111011000000
0000000000011011101101101100001100000000
0000000000011011011001101110101110000011
0000000000100000011111010101000110110000
0000000000011001101111010010001110111011
0000000000100011110111111101101110110001
0000000000011001101000001101011010100001
0000000000100100110011100011111100101011
0000000000011100110101011100011010110000
0000000000100010000111111010000100110011
0000000000011110111001111111010111100000
0000000000100111110110100101011111100000
0000000000100001101000000100010010001110
0000000000011111000000110001101111001011
0000000000011111001111010110001000110010
0000000000100000111101100110011100001100
0000000000100001000111111111111000100001
0000000000100001000011011001101111000001
0000000000100101000110010000010011101111
0000000000100000111011101001101111010000
0000000000100001001110001110010111001101
0000000000100001001001101000100000011100
0000000000100010111101011101111000110011
0000000000100011010000011011101100001111
0000000000100001000100111010110010000010
0000000000100010000110111111010111111101
0000000000100110000011101000000011100011
0000000000100001010110000000100111011111
0000000000100011001010010011001111001110
0000000000100010000111101101101101111101
0000000000100100001010110011101101100011
0000000000100110001000011001101111011100
0000000000100010011011110111101111100100
0000000000100100101001001010101000001100
0000000000100011001000000001001111101111
0000000000100010110110101101110011010010
0000000000100100110000000101101000001110
0000000000011110110111000100110011101010
0000000000100111000110100010010011100110
0000000000100000000111100011111010110000
0000000000100010000100010111101011101110
0000000000011110000010010111101111110011
0000000000100100110100011010000011110000
0000000000100000101111101100011011001110
0000000000100001000110010001001000100011
0000000000100001000011011010011101111001
0000000000100000000110100000110100100011
0000000000100011101001010100111000101111
0000000000011100001110101011101100001100
0000000000100101100111111110101010011110
0000000000011101101100001101101111110010
0000000000100100000011001010000111001010
0000000000011100111000000000101111010000
0000000000100011110011001011001000100001
0000000000100011101100110001000110011101
0000000000100000000110111111001011100001
0000000000100000000110111111001011100001
0000000000100011101100110001000110011101
0000000000100011110011001011001000100001
0000000000011100111000000000101111010000
0000000000100100000011001010000111001010
0000000000011101101100001101101111110010
0000000000100101100111111110101010011110
0000000000011100001110101011101100001100
0000000000100011101001010100111000101111
0000000000100000000110100000110100100011
0000000000100001000011011010011101111001
0000000000100001000110010001001000100011
0000000000100000101111101100011011001110
0000000000100100110100011010000011110000
0000000000011110000010010111101111110011
0000000000100010000100010111101011101110
0000000000100000000111100011111010110000
0000000000100111000110100010010011100110
0000000000011110110111000100110011101010
0000000000100100110000000101101000001110
0000000000100010110110101101110011010010
0000000000100011001000000001001111101111
0000000000100100101001001010101000001100
0000000000100010011011110111101111100100
0000000000100110001000011001101111011100
0000000000100100001010110011101101100011
0000000000100010000111101101101101111101
0000000000100011001010010011001111001110
0000000000100001010110000000100111011111
0000000000100110000011101000000011100011
0000000000100010000110111111010111111101
0000000000100001000100111010110010000010
0000000000100011010000011011101100001111
0000000000100010111101011101111000110011
0000000000100001001001101000100000011100
0000000000100001001110001110010111001101
0000000000100000111011101001101111010000
0000000000100101000110010000010011101111
0000000000100001000011011001101111000001
0000000000100001000111111111111000100001
0000000000100000111101100110011100001100
0000000000011111001111010110001000110010
0000000000011111000000110001101111001011
0000000000100001101000000100010010001110
0000000000100111110110100101011111100000
0000000000011110111001111111010111100000
0000000000100010000111111010000100110011
0000000000011100110101011100011010110000
0000000000100100110011100011111100101011
0000000000011001101000001101011010100001
0000000000100011110111111101101110110001
0000000000011001101111010010001110111011
0000000000100000011111010101000110110000
0000000000011011011001101110101110000011
0000000000011011101101101100001100000000
0000000000011001100011011010111011000000
0000000000011001110111011100101110101110
0000000000011111100001011101101011011011
0000000000011100011001000101011011010010
0000000000011110010101111100001110001100
0000000000011011001011100001001011110001
0000000000011100101011000010101011010001
0000000000011010010011100011011000111111
0000000000100000100101010000001011010000
0000000000011100111010110001011010111101
0000000000011011011111010011110000011100
0000000000011101100100100010110110100011
0000000000011101001110001100100000011111
0000000000011100010000110011011000000010
0000000000011100010101001110101000101101
0000000000011010100101101100101011110011
0000000000011111000011100110001110101111
0000000000011011010111010100100011101110
0000000000011100100010110101110110101101
0000000000011100001100001010101001010011
0000000000011011010100011101011010111100
0000000000011100000001000110011100000100
0000000000011001100111111011111010001100
0000000000011110001001101101100100111111
0000000000011101100010110011100101110010
0000000000011010101101000010101000001110
0000000000011111100010000100010111001010
0000000000011101011101011001011100000110
0000000000011011001101010000101010010000
0000000000011011100010011111100011101110
0000000000011110100000101101001110100011
0000000000011110101010111111111011010000
0000000000011011100100011111011101101110
0000000000011101100011001011111000110011
0000000000011101010101000110011011001001
0000000000100000100111011011110000010011
0000000000011011100111111110011111011111
0000000000011111000110100101100111001100
0000000000011001100110000010111110011110
0000000000100010111001000111000111110010
0000000000011010011010000000011111001010
0000000000011110100000000111010111110000
0000000000011011011110011111111001010001
0000000000011010110000010000101101001101
0000000000011100010100101110001010010001
0000000000011100010100101110001010010001
0000000000011010110000010000101101001101
0000000000011011011110011111111001010001
0000000000011110100000000111010111110000
0000000000011010011010000000011111001010
0000000000100010111001000111000111110010
0000000000011001100110000010111110011110
0000000000011111000110100101100111001100
0000000000011011100111111110011111011111
0000000000100000100111011011110000010011
0000000000011101010101000110011011001001
0000000000011101100011001011111000110011
0000000000011011100100011111011101101110
0000000000011110101010111111111011010000
0000000000011110100000101101001110100011
0000000000011011100010011111100011101110
0000000000011011001101010000101010010000
0000000000011101011101011001011100000110
0000000000011111100010000100010111001010
0000000000011010101101000010101000001110
0000000000011101100010110011100101110010
0000000000011110001001101101100100111111
0000000000011001100111111011111010001100
0000000000011100000001000110011100000100
0000000000011011010100011101011010111100
0000000000011100001100001010101001010011
0000000000011100100010110101110110101101
0000000000011011010111010100100011101110
0000000000011111000011100110001110101111
0000000000011010100101101100101011110011
0000000000011100010101001110101000101101
0000000000011100010000110011011000000010
0000000000011101001110001100100000011111
0000000000011101100100100010110110100011
0000000000011011011111010011110000011100
0000000000011100111010110001011010111101
0000000000100000100101010000001011010000
0000000000011010010011100011011000111111
0000000000011100101011000010101011010001
0000000000011011001011100001001011110001
0000000000011110010101111100001110001100
0000000000011100011001000101011011010010
0000000000011111100001011101101011011011
0000000000011001110111011100101110101110
0000000000011001100011011010111011000000
0000000000011011101101101100001100000000
0000000000011011011001101110101110000011
0000000000100000011111010101000110110000
0000000000011001101111010010001110111011
0000000000100011110111111101101110110001
0000000000011001101000001101011010100001
0000000000100100110011100011111100101011
0000000000011100110101011100011010110000
0000000000100010000111111010000100110011
0000000000011110111001111111010111100000
0000000000100111110110100101011111100000
0000000000100001101000000100010010001110
0000000000011111000000110001101111001011
0000000000011111001111010110001000110010
0000000000100000111101100110011100001100
0000000000100001000111111111111000100001
0000000000100001000011011001101111000001
0000000000100101000110010000010011101111
0000000000100000111011101001101111010000
0000000000100001001110001110010111001101
0000000000100001001001101000100000011100
0000000000100010111101011101111000110011
0000000000100011010000011011101100001111
0000000000100001000100111010110010000010
0000000000100010000110111111010111111101
0000000000100110000011101000000011100011
0000000000100001010110000000100111011111
0000000000100011001010010011001111001110
0000000000100010000111101101101101111101
0000000000100100001010110011101101100011
0000000000100110001000011001101111011100
0000000000100010011011110111101111100100
0000000000100100101001001010101000001100
0000000000100011001000000001001111101111
0000000000100010110110101101110011010010
0000000000100100110000000101101000001110
0000000000011110110111000100110011101010
0000000000100111000110100010010011100110
0000000000100000000111100011111010110000
0000000000100010000100010111101011101110
0000000000011110000010010111101111110011
0000000000100100110100011010000011110000
0000000000100000101111101100011011001110
0000000000100001000110010001001000100011
0000000000100001000011011010011101111001
0000000000100000000110100000110100100011
0000000000100011101001010100111000101111
0000000000011100001110101011101100001100
0000000000100101100111111110101010011110
0000000000011101101100001101101111110010
0000000000100100000011001010000111001010
0000000000011100111000000000101111010000
0000000000100011110011001011001000100001
0000000000100011101100110001000110011101
0000000000100000000110111111001011100001
0000000000100000000110111111001011100001
0000000000100011101100110001000110011101
0000000000100011110011001011001000100001
0000000000011100111000000000101111010000
0000000000100100000011001010000111001010
0000000000011101101100001101101111110010
0000000000100101100111111110101010011110
0000000000011100001110101011101100001100
0000000000100011101001010100111000101111
0000000000100000000110100000110100100011
0000000000100001000011011010011101111001
0000000000100001000110010001001000100011
0000000000100000101111101100011011001110
0000000000100100110100011010000011110000
0000000000011110000010010111101111110011
0000000000100010000100010111101011101110
0000000000100000000111100011111010110000
0000000000100111000110100010010011100110
0000000000011110110111000100110011101010
0000000000100100110000000101101000001110
0000000000100010110110101101110011010010
0000000000100011001000000001001111101111
0000000000100100101001001010101000001100
0000000000100010011011110111101111100100
0000000000100110001000011001101111011100
0000000000100100001010110011101101100011
0000000000100010000111101101101101111101
0000000000100011001010010011001111001110
0000000000100001010110000000100111011111
0000000000100110000011101000000011100011
0000000000100010000110111111010111111101
0000000000100001000100111010110010000010
0000000000100011010000011011101100001111
0000000000100010111101011101111000110011
0000000000100001001001101000100000011100
0000000000100001001110001110010111001101
0000000000100000111011101001101111010000
0000000000100101000110010000010011101111
0000000000100001000011011001101111000001
0000000000100001000111111111111000100001
0000000000100000111101100110011100001100
0000000000011111001111010110001000110010
0000000000011111000000110001101111001011
0000000000100001101000000100010010001110
0000000000100111110110100101011111100000
0000000000011110111001111111010111100000
0000000000100010000111111010000100110011
0000000000011100110101011100011010110000
0000000000100100110011100011111100101011
0000000000011001101000001101011010100001
0000000000100011110111111101101110110001
0000000000011001101111010010001110111011
0000000000100000011111010101000110110000
0000000000011011011001101110101110000011
0000000000011011101101101100001100000000
0000000000011001100011011010111011000000
0000000000011001110111011100101110101110
0000000000011111100001011101101011011011
0000000000011100011001000101011011010010
0000000000011110010101111100001110001100
0000000000011011001011100001001011110001
0000000000011100101011000010101011010001
0000000000011010010011100011011000111111
0000000000100000100101010000001011010000
0000000000011100111010110001011010111101
0000000000011011011111010011110000011100
0000000000011101100100100010110110100011
0000000000011101001110001100100000011111
0000000000011100010000110011011000000010
0000000000011100010101001110101000101101
0000000000011010100101101100101011110011
0000000000011111000011100110001110101111
0000000000011011010111010100100011101110
0000000000011100100010110101110110101101
0000000000011100001100001010101001010011
0000000000011011010100011101011010111100
0000000000011100000001000110011100000100
0000000000011001100111111011111010001100
0000000000011110001001101101100100111111
0000000000011101100010110011100101110010
0000000000011010101101000010101000001110
0000000000011111100010000100010111001010
0000000000011101011101011001011100000110
0000000000011011001101010000101010010000
0000000000011011100010011111100011101110
0000000000011110100000101101001110100011
0000000000011110101010111111111011010000
0000000000011011100100011111011101101110
0000000000011101100011001011111000110011
0000000000011101010101000110011011001001
0000000000100000100111011011110000010011
0000000000011011100111111110011111011111
0000000000011111000110100101100111001100
0000000000011001100110000010111110011110
0000000000100010111001000111000111110010
0000000000011010011010000000011111001010
0000000000011110100000000111010111110000
0000000000011011011110011111111001010001
0000000000011010110000010000101101001101
0000000000011100010100101110001010010001
0000000000011100010100101110001010010001
0000000000011010110000010000101101001101
0000000000011011011110011111111001010001
0000000000011110100000000111010111110000
0000000000011010011010000000011111001010
0000000000100010111001000111000111110010
0000000000011001100110000010111110011110
0000000000011111000110100101100111001100
0000000000011011100111111110011111011111
0000000000100000100111011011110000010011
0000000000011101010101000110011011001001
0000000000011101100011001011111000110011
0000000000011011100100011111011101101110
0000000000011110101010111111111011010000
0000000000011110100000101101001110100011
0000000000011011100010011111100011101110
0000000000011011001101010000101010010000
0000000000011101011101011001011100000110
0000000000011111100010000100010111001010
0000000000011010101101000010101000001110
0000000000011101100010110011100101110010
0000000000011110001001101101100100111111
0000000000011001100111111011111010001100
0000000000011100000001000110011100000100
0000000000011011010100011101011010111100
0000000000011100001100001010101001010011
0000000000011100100010110101110110101101
0000000000011011010111010100100011101110
0000000000011111000011100110001110101111
0000000000011010100101101100101011110011
0000000000011100010101001110101000101101
0000000000011100010000110011011000000010
0000000000011101001110001100100000011111
0000000000011101100100100010110110100011
0000000000011011011111010011110000011100
0000000000011100111010110001011010111101
0000000000100000100101010000001011010000
0000000000011010010011100011011000111111
0000000000011100101011000010101011010001
0000000000011011001011100001001011110001
0000000000011110010101111100001110001100
0000000000011100011001000101011011010010
0000000000011111100001011101101011011011
0000000000011001110111011100101110101110
0000000000011001100011011010111011000000
0000000000011011101101101100001100000000
0000000000011011011001101110101110000011
0000000000100000011111010101000110110000
0000000000011001101111010010001110111011
0000000000100011110111111101101110110001
0000000000011001101000001101011010100001
0000000000100100110011100011111100101011
0000000000011100110101011100011010110000
0000000000100010000111111010000100110011
0000000000011110111001111111010111100000
0000000000100111110110100101011111100000
0000000000100001101000000100010010001110
0000000000011111000000110001101111001011
0000000000011111001111010110001000110010
0000000000100000111101100110011100001100
0000000000100001000111111111111000100001
0000000000100001000011011001101111000001
0000000000100101000110010000010011101111
0000000000100000111011101001101111010000
0000000000100001001110001110010111001101
0000000000100001001001101000100000011100
0000000000100010111101011101111000110011
0000000000100011010000011011101100001111
0000000000100001000100111010110010000010
0000000000100010000110111111010111111101
0000000000100110000011101000000011100011
0000000000100001010110000000100111011111
0000000000100011001010010011001111001110
0000000000100010000111101101101101111101
0000000000100100001010110011101101100011
0000000000100110001000011001101111011100
0000000000100010011011110111101111100100
0000000000100100101001001010101000001100
0000000000100011001000000001001111101111
0000000000100010110110101101110011010010
0000000000100100110000000101101000001110
0000000000011110110111000100110011101010
0000000000100111000110100010010011100110
0000000000100000000111100011111010110000
0000000000100010000100010111101011101110
0000000000011110000010010111101111110011
0000000000100100110100011010000011110000
0000000000100000101111101100011011001110
0000000000100001000110010001001000100011
0000000000100001000011011010011101111001
0000000000100000000110100000110100100011
0000000000100011101001010100111000101111
0000000000011100001110101011101100001100
0000000000100101100111111110101010011110
0000000000011101101100001101101111110010
0000000000100100000011001010000111001010
0000000000011100111000000000101111010000
0000000000100011110011001011001000100001
0000000000100011101100110001000110011101
0000000000100000000110111111001011100001
0000000000100000000110111111001011100001
0000000000100011101100110001000110011101
0000000000100011110011001011001000100001
0000000000011100111000000000101111010000
0000000000100100000011001010000111001010
0000000000011101101100001101101111110010
0000000000100101100111111110101010011110
0000000000011100001110101011101100001100
0000000000100011101001010100111000101111
0000000000100000000110100000110100100011
0000000000100001000011011010011101111001
0000000000100001000110010001001000100011
0000000000100000101111101100011011001110
0000000000100100110100011010000011110000
0000000000011110000010010111101111110011
0000000000100010000100010111101011101110
0000000000100000000111100011111010110000
0000000000100111000110100010010011100110
0000000000011110110111000100110011101010
0000000000100100110000000101101000001110
0000000000100010110110101101110011010010
0000000000100011001000000001001111101111
0000000000100100101001001010101000001100
0000000000100010011011110111101111100100
0000000000100110001000011001101111011100
0000000000100100001010110011101101100011
0000000000100010000111101101101101111101
0000000000100011001010010011001111001110
0000000000100001010110000000100111011111
0000000000100110000011101000000011100011
0000000000100010000110111111010111111101
0000000000100001000100111010110010000010
0000000000100011010000011011101100001111
0000000000100010111101011101111000110011
0000000000100001001001101000100000011100
0000000000100001001110001110010111001101
0000000000100000111011101001101111010000
0000000000100101000110010000010011101111
0000000000100001000011011001101111000001
0000000000100001000111111111111000100001
0000000000100000111101100110011100001100
0000000000011111001111010110001000110010
0000000000011111000000110001101111001011
0000000000100001101000000100010010001110
0000000000100111110110100101011111100000
0000000000011110111001111111010111100000
0000000000100010000111111010000100110011
0000000000011100110101011100011010110000
0000000000100100110011100011111100101011
0000000000011001101000001101011010100001
0000000000100011110111111101101110110001
0000000000011001101111010010001110111011
0000000000100000011111010101000110110000
0000000000011011010101001101101001110011
0000000000011011100100111001111111011111
0000000000011001011010010110101010001111
0000000000011000101010101000011001111100
0000000000011110010100000111011010111010
0000000000011011000011011110000110011111
0000000000011100000111110011110101001011
0000000000011001110001100110101001111110
0000000000011010010000010101111101101111
0000000000010110111100100011110111011100
0000000000011101111110100010011101011110
0000000000011000100011010010110001001010
0000000000011000110000010010110101101000
0000000000011001000000110001110000001111
0000000000011000110010010111100101011100
0000000000011000101000011011010101011011
0000000000010110110100001010100101101010
0000000000010110110100110101101000011101
0000000000011000011111001110000100011011
0000000000010110100001111000010000000111
0000000000010111101101011010100011101000
0000000000010100010110101101010001101101
0000000000010111010111110101000011110111
0000000000010100000111010110000100011100
0000000000010010100010100001010010011000
0000000000010100010111011001000101001000
0000000000010110010111100110000001111010
0000000000010010100010100000001000000110
0000000000010101010010000010101110110100
0000000000010100011010010010000011101100
0000000000010001110001101000101010100111
0000000000010000001111000111110010100100
0000000000010010000100111100011010101001
0000000000010100001010100111110101110110
0000000000010001000011100111010001000110
0000000000010011000110101111101110100110
0000000000010000000000000100001001011111
0000000000010100111101111010100110010110
0000000000001111001001011111001101000100
0000000000010001010000100100010010000010
0000000000001101111111101111111100000010
0000000000010100000111000101110101010110
0000000000001110110111111011001000100000
0000000000010000110101110010111100010011
0000000000001101101101010110000010010001
0000000000001101111110111101111111010010
0000000000001101100011110101101011100011
0000000000001110110000111100100011100010
0000000000001100110001010110110010101110
0000000000001101110001001100110111110010
0000000000001101101010010110100000000000
0000000000001011100010001000011111011101
0000000000001110110010000100010111001110
0000000000001011100110010101000111001111
0000000000001101110110000011100001111101
0000000000001100011110100010011011001110
0000000000001011101001100100010010110000
0000000000001101010101000100011101111011
0000000000001010011100011110010010101111
0000000000001010100000111010010101011011
0000000000001010100000011011001101101100
0000000000001100011011110011111100011101
0000000000001011010011011001110110001101
0000000000001001011011101011001000001011
0000000000001001000011001010100100111101
0000000000001010010000000010110001001000
0000000000001000001010100100101100011001
0000000000000111001011010000110100001011
0000000000001001110010010110101100001001
0000000000000111000101011100110011110101
0000000000000111111001110011100111111011
0000000000000011111100101011011111100111
0000000000000111110101011111011011110111
0000000000000100110101011101011011010111
0000000000000100110101011110011000011000
0000000000000110100100011010001110110101
0000000000000011110000111001001011101000
0000000000000101100001000110001011100100
0000000000000011101000011001001111000111
0000000000000100011011110111001011100101
0000000000000100100011110011010110100111
0000000000000010101111000001001011010101
0000000000000100010111011111110110100101
0000000000000010100110101111110110010110
0000000000000011010111000001101010000110
0000000000000010011010101101110110010100
0000000000000001011001111100101010110101
0000000000000010001110001100100001110100
0000000000000001010101101010011101100110
0000000000000001001101011000011101010010
0000000000000001001100110111100101010100
0000000000000000001001001000011001010100
0000000000000000001000110100010101000011
0000000000000000000100100011010000100011
0000000000000000000000000100001000000011
0000000000000000000000000010001000010010
0000000000000000000000000001000100010010
0000000000000000000000000010000100000010
