0000000000000001010001010000010000010001
0000000000000001000111000110000101000110
0000000000000000011100000001101010010001
1111111111111111100011111110010101101111
1111111111111110111000110010010001010110
1111111111111110101110010010000111000001
1111111111111111001001010010011000110101
1111111111111111111101011001111001111110
0000000000000000110010101101110010011110
0000000000000001010000110000000111011001
0000000000000001001001101110101000011010
0000000000000000100000110111101011000110
1111111111111111101000111011011101011010
1111111111111110111011100101001101111101
1111111111111110101101101000111111001100
1111111111111111000101100000001111110011
1111111111111111111000001101111110101111
0000000000000000101110100000011011100110
0000000000000001001111011100110111011011
0000000000000001001011111011100001011100
0000000000000000100101100011110010101010
1111111111111111101101111100110001000001
1111111111111110111110100111111100000100
1111111111111110101101010011011101111101
1111111111111111000001111100001000011001
1111111111111111110011000011110011001110
0000000000000000101010000111101000110011
0000000000000001001101110110010100000000
0000000000000001001101110110010100000000
0000000000000000101010000111101000110011
1111111111111111110011000011110011001110
1111111111111111000001111100001000011001
1111111111111110101101010011011101111101
1111111111111110111110100111111100000100
1111111111111111101101111100110001000001
0000000000000000100101100011110010101010
0000000000000001001011111011100001011100
0000000000000001001111011100110111011011
0000000000000000101110100000011011100110
1111111111111111111000001101111110101111
1111111111111111000101100000001111110011
1111111111111110101101101000111111001100
1111111111111110111011100101001101111101
1111111111111111101000111011011101011010
0000000000000000100000110111101011000110
0000000000000001001001101110101000011010
0000000000000001010000110000000111011001
0000000000000000110010101101110010011110
1111111111111111111101011001111001111110
1111111111111111001001010010011000110101
1111111111111110101110010010000111000001
1111111111111110111000110010010001010110
1111111111111111100011111110010101101111
0000000000000000011100000001101010010001
0000000000000001000111001101101110101010
0000000000000001010001101101111000111111
0000000000000000110110101101100111001011
0000000000000000000010100110000110000010
1111111111111111001101010010001101100010
1111111111111110101111001111111000100111
1111111111111110110110010001010111100110
1111111111111111011111001000010100111010
0000000000000000010111000100100010100110
0000000000000001000100011010110010000011
0000000000000001010010010111000000110100
0000000000000000111010011111110000001101
0000000000000000000111110010000001010001
1111111111111111010001011111100100011010
1111111111111110110000100011001000100101
1111111111111110110100000100011110100100
1111111111111111011010011100001101010110
0000000000000000010010000011001110111111
0000000000000001000001011000000011111100
0000000000000001010010101100100010000011
0000000000000000111110000011110111100111
0000000000000000001100111100001100110010
1111111111111111010101111000010111001101
1111111111111110110010001001101100000000
1111111111111110110010001001101100000000
1111111111111111010101111000010111001101
0000000000000000001100111100001100110010
0000000000000000111110000011110111100111
0000000000000001010010101100100010000011
0000000000000001000001011000000011111100
0000000000000000010010000011001110111111
1111111111111111011010011100001101010110
1111111111111110110100000100011110100100
1111111111111110110000100011001000100101
1111111111111111010001011111100100011010
0000000000000000000111110010000001010001
0000000000000000111010011111110000001101
0000000000000001010010010111000000110100
0000000000000001000100011010110010000011
0000000000000000010111000100100010100110
1111111111111111011111001000010100111010
1111111111111110110110010001010111100110
1111111111111110101111001111111000100111
1111111111111111001101010010001101100010
0000000000000000000010100110000110000010
0000000000000000110110101101100111001011
0000000000000001010001101101111000111111
0000000000000001000111001101101110101010
0000000000000000011100000001101010010001
1111111111111111100011111110010101101111
1111111111111110111000110010010001010110
1111111111111110101110010010000111000001
1111111111111111001001010010011000110101
1111111111111111111101011001111001111110
0000000000000000110010101101110010011110
0000000000000001010000110000000111011001
0000000000000001001001101110101000011010
0000000000000000100000110111101011000110
1111111111111111101000111011011101011010
1111111111111110111011100101001101111101
1111111111111110101101101000111111001100
1111111111111111000101100000001111110011
1111111111111111111000001101111110101111
0000000000000000101110100000011011100110
0000000000000001001111011100110111011011
0000000000000001001011111011100001011100
0000000000000000100101100011110010101010
1111111111111111101101111100110001000001
1111111111111110111110100111111100000100
1111111111111110101101010011011101111101
1111111111111111000001111100001000011001
1111111111111111110011000011110011001110
0000000000000000101010000111101000110011
0000000000000001001101110110010100000000
0000000000000001001101110110010100000000
0000000000000000101010000111101000110011
1111111111111111110011000011110011001110
1111111111111111000001111100001000011001
1111111111111110101101010011011101111101
1111111111111110111110100111111100000100
1111111111111111101101111100110001000001
0000000000000000100101100011110010101010
0000000000000001001011111011100001011100
0000000000000001001111011100110111011011
0000000000000000101110100000011011100110
1111111111111111111000001101111110101111
1111111111111111000101100000001111110011
1111111111111110101101101000111111001100
1111111111111110111011100101001101111101
1111111111111111101000111011011101011010
0000000000000000100000110111101011000110
0000000000000001001001101110101000011010
0000000000000001010000110000000111011001
0000000000000000110010101101110010011110
1111111111111111111101011001111001111110
1111111111111111001001010010011000110101
1111111111111110101110010010000111000001
1111111111111110111000110010010001010110
1111111111111111100011111110010101101111
0000000000000000011100000001101010010001
0000000000000001000111001101101110101010
0000000000000001010001101101111000111111
0000000000000000110110101101100111001011
0000000000000000000010100110000110000010
1111111111111111001101010010001101100010
1111111111111110101111001111111000100111
1111111111111110110110010001010111100110
1111111111111111011111001000010100111010
0000000000000000010111000100100010100110
0000000000000001000100011010110010000011
0000000000000001010010010111000000110100
0000000000000000111010011111110000001101
0000000000000000000111110010000001010001
1111111111111111010001011111100100011010
1111111111111110110000100011001000100101
1111111111111110110100000100011110100100
1111111111111111011010011100001101010110
0000000000000000010010000011001110111111
0000000000000001000001011000000011111100
0000000000000001010010101100100010000011
0000000000000000111110000011110111100111
0000000000000000001100111100001100110010
1111111111111111010101111000010111001101
1111111111111110110010001001101100000000
1111111111111110110010001001101100000000
1111111111111111010101111000010111001101
0000000000000000001100111100001100110010
0000000000000000111110000011110111100111
0000000000000001010010101100100010000011
0000000000000001000001011000000011111100
0000000000000000010010000011001110111111
1111111111111111011010011100001101010110
1111111111111110110100000100011110100100
1111111111111110110000100011001000100101
1111111111111111010001011111100100011010
0000000000000000000111110010000001010001
0000000000000000111010011111110000001101
0000000000000001010010010111000000110100
0000000000000001000100011010110010000011
0000000000000000010111000100100010100110
1111111111111111011111001000010100111010
1111111111111110110110010001010111100110
1111111111111110101111001111111000100111
1111111111111111001101010010001101100010
0000000000000000000010100110000110000010
0000000000000000110110101101100111001011
0000000000000001010001101101111000111111
0000000000000001000111001101101110101010
0000000000000000011100000001101010010001
1111111111111111100011111110010101101111
1111111111111110111000110010010001010110
1111111111111110101110010010000111000001
1111111111111111001001010010011000110101
1111111111111111111101011001111001111110
0000000000000000110010101101110010011110
0000000000000001010000110000000111011001
0000000000000001001001101110101000011010
0000000000000000100000110111101011000110
1111111111111111101000111011011101011010
1111111111111110111011100101001101111101
1111111111111110101101101000111111001100
1111111111111111000101100000001111110011
1111111111111111111000001101111110101111
0000000000000000101110100000011011100110
0000000000000001001111011100110111011011
0000000000000001001011111011100001011100
0000000000000000100101100011110010101010
1111111111111111101101111100110001000001
1111111111111110111110100111111100000100
1111111111111110101101010011011101111101
1111111111111111000001111100001000011001
1111111111111111110011000011110011001110
0000000000000000101010000111101000110011
0000000000000001001101110110010100000000
0000000000000001001101110110010100000000
0000000000000000101010000111101000110011
1111111111111111110011000011110011001110
1111111111111111000001111100001000011001
1111111111111110101101010011011101111101
1111111111111110111110100111111100000100
1111111111111111101101111100110001000001
0000000000000000100101100011110010101010
0000000000000001001011111011100001011100
0000000000000001001111011100110111011011
0000000000000000101110100000011011100110
1111111111111111111000001101111110101111
1111111111111111000101100000001111110011
1111111111111110101101101000111111001100
1111111111111110111011100101001101111101
1111111111111111101000111011011101011010
0000000000000000100000110111101011000110
0000000000000001001001101110101000011010
0000000000000001010000110000000111011001
0000000000000000110010101101110010011110
1111111111111111111101011001111001111110
1111111111111111001001010010011000110101
1111111111111110101110010010000111000001
1111111111111110111000110010010001010110
1111111111111111100011111110010101101111
0000000000000000011100000001101010010001
0000000000000001000111001101101110101010
0000000000000001010001101101111000111111
0000000000000000110110101101100111001011
0000000000000000000010100110000110000010
1111111111111111001101010010001101100010
1111111111111110101111001111111000100111
1111111111111110110110010001010111100110
1111111111111111011111001000010100111010
0000000000000000010111000100100010100110
0000000000000001000100011010110010000011
0000000000000001010010010111000000110100
0000000000000000111010011111110000001101
0000000000000000000111110010000001010001
1111111111111111010001011111100100011010
1111111111111110110000100011001000100101
1111111111111110110100000100011110100100
1111111111111111011010011100001101010110
0000000000000000010010000011001110111111
0000000000000001000001011000000011111100
0000000000000001010010101100100010000011
0000000000000000111110000011110111100111
0000000000000000001100111100001100110010
1111111111111111010101111000010111001101
1111111111111110110010001001101100000000
1111111111111110110010001001101100000000
1111111111111111010101111000010111001101
0000000000000000001100111100001100110010
0000000000000000111110000011110111100111
0000000000000001010010101100100010000011
0000000000000001000001011000000011111100
0000000000000000010010000011001110111111
1111111111111111011010011100001101010110
1111111111111110110100000100011110100100
1111111111111110110000100011001000100101
1111111111111111010001011111100100011010
0000000000000000000111110010000001010001
0000000000000000111010011111110000001101
0000000000000001010010010111000000110100
0000000000000001000100011010110010000011
0000000000000000010111000100100010100110
1111111111111111011111001000010100111010
1111111111111110110110010001010111100110
1111111111111110101111001111111000100111
1111111111111111001101010010001101100010
0000000000000000000010100110000110000010
0000000000000000110110101101100111001011
0000000000000001010001101101111000111111
0000000000000001000111001101101110101010
0000000000000000011100000001101010010001
1111111111111111100011111110010101101111
1111111111111110111000110010010001010110
1111111111111110101110010010000111000001
1111111111111111001001010010011000110101
1111111111111111111101011001111001111110
0000000000000000110010101101110010011110
0000000000000001010000110000000111011001
0000000000000001001001101110101000011010
0000000000000000100000110111101011000110
1111111111111111101000111011011101011010
1111111111111110111011100101001101111101
1111111111111110101101101000111111001100
1111111111111111000101100000001111110011
1111111111111111111000001101111110101111
0000000000000000101110100000011011100110
0000000000000001001111011100110111011011
0000000000000001001011111011100001011100
0000000000000000100101100011110010101010
1111111111111111101101111100110001000001
1111111111111110111110100111111100000100
1111111111111110101101010011011101111101
1111111111111111000001111100001000011001
1111111111111111110011000011110011001110
0000000000000000101010000111101000110011
0000000000000001001101110110010100000000
0000000000000001001101110110010100000000
0000000000000000101010000111101000110011
1111111111111111110011000011110011001110
1111111111111111000001111100001000011001
1111111111111110101101010011011101111101
1111111111111110111110100111111100000100
1111111111111111101101111100110001000001
0000000000000000100101100011110010101010
0000000000000001001011111011100001011100
0000000000000001001111011100110111011011
0000000000000000101110100000011011100110
1111111111111111111000001101111110101111
1111111111111111000101100000001111110011
1111111111111110101101101000111111001100
1111111111111110111011100101001101111101
1111111111111111101000111011011101011010
0000000000000000100000110111101011000110
0000000000000001001001101110101000011010
0000000000000001010000110000000111011001
0000000000000000110010101101110010011110
1111111111111111111101011001111001111110
1111111111111111001001010010011000110101
1111111111111110101110010010000111000001
1111111111111110111000110010010001010110
1111111111111111100011111110010101101111
0000000000000000011100000001101010010001
0000000000000001000111001101101110101010
0000000000000001010001101101111000111111
0000000000000000110110101101100111001011
0000000000000000000010100110000110000010
1111111111111111001101010010001101100010
1111111111111110101111001111111000100111
1111111111111110110110010001010111100110
1111111111111111011111001000010100111010
0000000000000000010111000100100010100110
0000000000000001000100011010110010000011
0000000000000001010010010111000000110100
0000000000000000111010011111110000001101
0000000000000000000111110010000001010001
1111111111111111010001011111100100011010
1111111111111110110000100011001000100101
1111111111111110110100000100011110100100
1111111111111111011010011100001101010110
0000000000000000010010000011001110111111
0000000000000001000001011000000011111100
0000000000000001010010101100100010000011
0000000000000000111110000011110111100111
0000000000000000001100111100001100110010
1111111111111111010101111000010111001101
1111111111111110110010001001101100000000
1111111111111110110010001001101100000000
1111111111111111010101111000010111001101
0000000000000000001100111100001100110010
0000000000000000111110000011110111100111
0000000000000001010010101100100010000011
0000000000000001000001011000000011111100
0000000000000000010010000011001110111111
1111111111111111011010011100001101010110
1111111111111110110100000100011110100100
1111111111111110110000100011001000100101
1111111111111111010001011111100100011010
0000000000000000000111110010000001010001
0000000000000000111010011111110000001101
0000000000000001010010010111000000110100
0000000000000001000100011010110010000011
0000000000000000010111000100100010100110
1111111111111111011111001000010100111010
1111111111111110110110010001010111100110
1111111111111110101111001111111000100111
1111111111111111001101010010001101100010
0000000000000000000010100110000110000010
0000000000000000110110101101100111001011
0000000000000001010001101101111000111111
0000000000000001000111001101101110101010
0000000000000000011100000001101010010001
1111111111111111100011111110010101101111
1111111111111110111000110010010001010110
1111111111111110101110010010000111000001
1111111111111111001001010010011000110101
1111111111111111111101011001111001111110
0000000000000000110010101101110010011110
0000000000000001010000110000000111011001
0000000000000001001001101110101000011010
0000000000000000100000110111101011000110
1111111111111111101000111011011101011010
1111111111111110111011100101001101111101
1111111111111110101101101000111111001100
1111111111111111000101100000001111110011
1111111111111111111000001101111110101111
0000000000000000101110100000011011100110
0000000000000001001111011100110111011011
0000000000000001001011111011100001011100
0000000000000000100101100011110010101010
1111111111111111101101111100110001000001
1111111111111110111110100111111100000100
1111111111111110101101010011011101111101
1111111111111111000001111100001000011001
1111111111111111110011000011110011001110
0000000000000000101010000111101000110011
0000000000000001001101110110010100000000
0000000000000001001101110110010100000000
0000000000000000101010000111101000110011
1111111111111111110011000011110011001110
1111111111111111000001111100001000011001
1111111111111110101101010011011101111101
1111111111111110111110100111111100000100
1111111111111111101101111100110001000001
0000000000000000100101100011110010101010
0000000000000001001011111011100001011100
0000000000000001001111011100110111011011
0000000000000000101110100000011011100110
1111111111111111111000001101111110101111
1111111111111111000101100000001111110011
1111111111111110101101101000111111001100
1111111111111110111011100101001101111101
1111111111111111101000111011011101011010
0000000000000000100000110111101011000110
0000000000000001001001101110101000011010
0000000000000001010000110000000111011001
0000000000000000110010101101110010011110
1111111111111111111101011001111001111110
1111111111111111001001010010011000110101
1111111111111110101110010010000111000001
1111111111111110111000110010010001010110
1111111111111111100011111110010101101111
0000000000000000011100000001101010010001
0000000000000001000111001101101110101010
0000000000000001010001101101111000111111
0000000000000000110110101101100111001011
0000000000000000000010100110000110000010
1111111111111111001101010010001101100010
1111111111111110101111001111111000100111
1111111111111110110110010001010111100110
1111111111111111011111001000010100111010
0000000000000000010111000100100010100110
0000000000000001000100011010110010000011
0000000000000001010010010111000000110100
0000000000000000111010011111110000001101
0000000000000000000111110010000001010001
1111111111111111010001011111100100011010
1111111111111110110000100011001000100101
1111111111111110110100000100011110100100
1111111111111111011010011100001101010110
0000000000000000010010000011001110111111
0000000000000001000001011000000011111100
0000000000000001010010101100100010000011
0000000000000000111110000011110111100111
0000000000000000001100111100001100110010
1111111111111111010101111000010111001101
1111111111111110110010001001101100000000
1111111111111110110010001001101100000000
1111111111111111010101111000010111001101
0000000000000000001100111100001100110010
0000000000000000111110000011110111100111
0000000000000001010010101100100010000011
0000000000000001000001011000000011111100
0000000000000000010010000011001110111111
1111111111111111011010011100001101010110
1111111111111110110100000100011110100100
1111111111111110110000100011001000100101
1111111111111111010001011111100100011010
0000000000000000000111110010000001010001
0000000000000000111010011111110000001101
0000000000000001010010010111000000110100
0000000000000001000100011010110010000011
0000000000000000010111000100100010100110
1111111111111111011111001000010100111010
1111111111111110110110010001010111100110
1111111111111110101111001111111000100111
1111111111111111001101010010001101100010
0000000000000000000010100110000110000010
0000000000000000110110101101100111001011
0000000000000001010001101101111000111111
0000000000000001000111001101101110101010
0000000000000000011100000001101010010001
