0000000000000000000000000000000000000000
0000000000000000000000000000000000000000
0000000000000000000000000000000000000000
0000000000000001001000100010000100010000
0000000000000010001100110011001000100000
0000000000000001001001000101001100110000
0000000000000001001001010100001000110000
0000000000000010001101000011001000110000
0000000000000010010101100110001100110000
0000000000000011010110000111010001000000
0000000000000011010110101100011101100000
0000000000000011011011001010011001010000
0000000000000011011010111000011001010000
0000000000000011011110111011011101010000
0000000000000101011111001100100101100000
0000000000000100011011110001110010010000
0000000000000011100000011110101010000000
0000000000000011100011111100101010000000
0000000000000100101011110000101110000000
0000000000000110101100010010110010000000
0000000000000100100100110110110110110000
0000000000000100101101110100110110100000
0000000000000100110001000010110110010000
0000000000000101110100110100110110010000
0000000000000111110001000101111010010000
0000000000000101101001011000111111000000
0000000000000101110010100111000010110000
0000000000000101111010010111000010110000
0000000000000111000010001001000010110000
0000000000001000111001111000000010100000
0000000000000111110110011101000111100000
0000000000001000000011111100001011010000
0000000000000111000111101011000111010000
0000000000000111001011011111001011100000
0000000000001010000111001110001011000000
0000000000001000111111010001001111110000
0000000000001001001001000001011011110000
0000000000001001010101000000010111110000
0000000000001001011000110011100000010000
0000000000001011010000110100100000000000
0000000000001010001000100101011100100000
0000000000001010010001110011100100010000
0000000000001010011110000100100100010000
0000000000001010100001110111101000100000
0000000000001100011110001001101100100000
0000000000001100010110001011110001010000
0000000000001100011111011010111001000000
0000000000001011100111101010111101010000
0000000000001010100010101010111001010000
0000000000001101100010111011111001000000
0000000000001110100011001110111101110000
0000000000001110101100101111001001100000
0000000000001101110001010000010010000000
0000000000001100101100010000001110010000
0000000000001111101100100000010010000000
0000000000010000110000110011010010110000
0000000000010000111010010010011010010000
0000000000001110110110010010011010100000
0000000000001100101101000011011010110000
0000000000010000110101110101100110100000
0000000000010010111110001000100111100000
0000000000010011000111111000110011010000
0000000000010000000011110111101011010000
0000000000001101110110010111101011100000
0000000000010001111110111010110011000000
0000000000010100000110111010101011110000
0000000000010100010000111100111111110000
0000000000010001001101001101111011110000
0000000000010000000011101100111100010000
0000000000010100001100010000001000000000
0000000000010101001100001110111100100000
0000000000010101011010010000001000010000
0000000000010010011010100010001100010000
0000000000010000001100110010001000100000
0000000000010101011001010101010000100000
0000000000010111011101010101001001010000
0000000000010111100111010100001100110000
0000000000010011100011100101001100110000
0000000000010001011010010111010001000000
0000000000010110100010101010011100110000
0000000000011000100010001001010101110000
0000000000011000101011110110011001010000
0000000000010100101000010110010101000000
0000000000010010100011011001010101010000
0000000000010111101111111110101001000000
0000000000011001101111011110100010000000
0000000000011000110100111011100001100000
0000000000010101110101101100100001100000
0000000000010011110000001111100001110000
0000000000010111111001000100110101100000
0000000000011001110100100100101110110000
0000000000011001111001110001110110010000
0000000000010111111110100000110110010000
0000000000010100111001010010110010100000
0000000000011001000110111001000010000000
0000000000011100000110011010111111010000
0000000000011100000111011001001110110000
0000000000011001000111110110000110110000
0000000000010110000110100110111111010000
0000000000011011010011111100001010100000
0000000000011101001111100000000111110000
0000000000011101010000101110011011100000
0000000000011011010100111010010011100000
0000000000010111001111011010001000000000
0000000000011011010100011101001011000000
0000000000011101001111110001001000000000
0000000000011101010000101110011011100000
0000000000011011010100111010010011100000
0000000000010111001111011010001000000000
0000000000011011010100011101001011000000
0000000000011101001111110001001000000000
0000000000011101010000101110011011100000
0000000000011011010100111010010011100000
0000000000010111001111011010001000000000
0000000000011011010100011101001011000000
0000000000011101001111110001001000000000
0000000000011101010000101110011011100000
0000000000011011010100111010010011100000
0000000000010111001111011010001000000000
0000000000011011010100011101001011000000
0000000000011101001111110001001000000000
0000000000011101010000101110011011100000
0000000000011011010100111010010011100000
0000000000010111001111011010001000000000
0000000000011011010100011101001011000000
0000000000011101001111110001001000000000
0000000000011101010000101110011011100000
0000000000011011010100111010010011100000
0000000000010111001111011010001000000000
0000000000011011010100011101001011000000
0000000000011101001111110001001000000000
0000000000011101010000101110011011100000
0000000000011011010100111010010011100000
0000000000010111001111011010001000000000
0000000000011011010100011101001011000000
0000000000011101001111110001001000000000
0000000000011101010000101110011011100000
0000000000011011010100111010010011100000
0000000000010111001111011010001000000000
0000000000011011010100011101001011000000
0000000000011101001111110001001000000000
0000000000011101010000101110011011100000
0000000000011011010100111010010011100000
0000000000010111001111011010001000000000
0000000000011011010100011101001011000000
0000000000011101001111110001001000000000
0000000000011101010000101110011011100000
0000000000011011010100111010010011100000
0000000000010111001111011010001000000000
0000000000011011010100011101001011000000
0000000000011101001111110001001000000000
0000000000011101010000101110011011100000
0000000000011011010100111010010011100000
0000000000010111001111011010001000000000
0000000000011011010100011101001011000000
0000000000011101001111110001001000000000
0000000000011101010000101110011011100000
0000000000011011010100111010010011100000
0000000000010111001111011010001000000000
0000000000011011010100011101001011000000
0000000000011101001111110001001000000000
0000000000011101010000101110011011100000
0000000000011011010100111010010011100000
0000000000010111001111011010001000000000
0000000000011011010100011101001011000000
0000000000011101001111110001001000000000
0000000000011101010000101110011011100000
0000000000011011010100111010010011100000
0000000000010111001111011010001000000000
0000000000011011010100011101001011000000
0000000000011101001111110001001000000000
0000000000011101010000101110011011100000
0000000000011011010100111010010011100000
0000000000010111001111011010001000000000
0000000000011011010100011101001011000000
0000000000011101001111110001001000000000
0000000000011101010000101110011011100000
0000000000011011010100111010010011100000
0000000000010111001111011010001000000000
0000000000011011010100011101001011000000
0000000000011101001111110001001000000000
0000000000011101010000101110011011100000
0000000000011011010100111010010011100000
0000000000010111001111011010001000000000
0000000000011011010100011101001011000000
0000000000011101001111110001001000000000
0000000000011101010000101110011011100000
0000000000011011010100111010010011100000
0000000000010111001111011010001000000000
0000000000011011010100011101001011000000
0000000000011101001111110001001000000000
0000000000011101010000101110011011100000
0000000000011011010100111010010011100000
0000000000010111001111011010001000000000
0000000000011011010100011101001011000000
0000000000011101001111110001001000000000
0000000000011101010000101110011011100000
0000000000011011010100111010010011100000
0000000000010111001111011010001000000000
0000000000011011010100011101001011000000
0000000000011101001111110001001000000000
0000000000011101010000101110011011100000
0000000000011011010100111010010011100000
0000000000010111001111011010001000000000
0000000000011011010100011101001011000000
0000000000011101001111110001001000000000
0000000000011101010000101110011011100000
0000000000011011010100111010010011100000
0000000000010111001111011010001000000000
0000000000011011010100011101001011000000
0000000000011101001111110001001000000000
0000000000011101010000101110011011100000
0000000000011011010100111010010011100000
0000000000010111001111011010001000000000
0000000000011011010100011101001011000000
0000000000011101001111110001001000000000
0000000000011101010000101110011011100000
0000000000011011010100111010010011100000
0000000000010111001111011010001000000000
0000000000011011010100011101001011000000
0000000000011101001111110001001000000000
0000000000011101010000101110011011100000
0000000000011011010100111010010011100000
0000000000010111001111011010001000000000
0000000000011011010100011101001011000000
0000000000011101001111110001001000000000
0000000000011101010000101110011011100000
0000000000011011010100111010010011100000
0000000000010111001111011010001000000000
0000000000011011010100011101001011000000
0000000000011101001111110001001000000000
0000000000011101010000101110011011100000
0000000000011011010100111010010011100000
0000000000010111001111011010001000000000
0000000000011011010100011101001011000000
0000000000011101001111110001001000000000
0000000000011101010000101110011011100000
0000000000011011010100111010010011100000
0000000000010111001111011010001000000000
0000000000011011010100011101001011000000
0000000000011101001111110001001000000000
0000000000011101010000101110011011100000
0000000000011011010100111010010011100000
0000000000010111001111011010001000000000
0000000000011011010100011101001011000000
0000000000011101001111110001001000000000
0000000000011101010000101110011011100000
0000000000011011010100111010010011100000
0000000000010111001111011010001000000000
0000000000011011010100011101001011000000
0000000000011101001111110001001000000000
0000000000011101010000101110011011100000
0000000000011011010100111010010011100000
0000000000010111001111011010001000000000
0000000000011011010100011101001011000000
0000000000011101001111110001001000000000
0000000000011101010000101110011011100000
0000000000011011010100111010010011100000
0000000000010111001111011010001000000000
0000000000011011010100011101001011000000
0000000000011101001111110001001000000000
0000000000011101010000101110011011100000
0000000000011011010100111010010011100000
0000000000010111001111011010001000000000
0000000000011011010100011101001011000000
0000000000011101001111110001001000000000
0000000000011101010000101110011011100000
0000000000011011010100111010010011100000
0000000000010111001111011010001000000000
0000000000011011010100011101001011000000
0000000000011101001111110001001000000000
0000000000011101010000101110011011100000
0000000000011011010100111010010011100000
0000000000010111001111011010001000000000
0000000000011011010100011101001011000000
0000000000011101001111110001001000000000
0000000000011101010000101110011011100000
0000000000011011010100111010010011100000
0000000000010111001111011010001000000000
0000000000011011010100011101001011000000
0000000000011101001111110001001000000000
0000000000011101010000101110011011100000
0000000000011011010100111010010011100000
0000000000010111001111011010001000000000
0000000000011011010100011101001011000000
0000000000011101001111110001001000000000
0000000000011101010000101110011011100000
0000000000011011010100111010010011100000
0000000000010111001111011010001000000000
0000000000011011010100011101001011000000
0000000000011101001111110001001000000000
0000000000011101010000101110011011100000
0000000000011011010100111010010011100000
0000000000010111001111011010001000000000
0000000000011011010100011101001011000000
0000000000011101001111110001001000000000
0000000000011101010000101110011011100000
0000000000011011010100111010010011100000
0000000000010111001111011010001000000000
0000000000011011010100011101001011000000
0000000000011101001111110001001000000000
0000000000011101010000101110011011100000
0000000000011011010100111010010011100000
0000000000010111001111011010001000000000
0000000000011011010100011101001011000000
0000000000011101001111110001001000000000
0000000000011101010000101110011011100000
0000000000011011010100111010010011100000
0000000000010111001111011010001000000000
0000000000011011010100011101001011000000
0000000000011101001111110001001000000000
0000000000011101010000101110011011100000
0000000000011011010100111010010011100000
0000000000010111001111011010001000000000
0000000000011011010100011101001011000000
0000000000011101001111110001001000000000
0000000000011101010000101110011011100000
0000000000011011010100111010010011100000
0000000000010111001111011010001000000000
0000000000011011010100011101001011000000
0000000000011101001111110001001000000000
0000000000011101010000101110011011100000
0000000000011011010100111010010011100000
0000000000010111001111011010001000000000
0000000000011011010100011101001011000000
0000000000011101001111110001001000000000
0000000000011101010000101110011011100000
0000000000011011010100111010010011100000
0000000000010111001111011010001000000000
0000000000011011010100011101001011000000
0000000000011101001111110001001000000000
0000000000011101010000101110011011100000
0000000000011011010100111010010011100000
0000000000010111001111011010001000000000
0000000000011011010100011101001011000000
0000000000011101001111110001001000000000
0000000000011101010000101110011011100000
0000000000011011010100111010010011100000
0000000000010111001111011010001000000000
0000000000011011010100011101001011000000
0000000000011101001111110001001000000000
0000000000011101010000101110011011100000
0000000000011011010100111010010011100000
0000000000010111001111011010001000000000
0000000000011011010100011101001011000000
0000000000011101001111110001001000000000
0000000000011101010000101110011011100000
0000000000011011010100111010010011100000
0000000000010111001111011010001000000000
0000000000011011010100011101001011000000
0000000000011101001111110001001000000000
0000000000011101010000101110011011100000
0000000000011011010100111010010011100000
0000000000010111001111011010001000000000
0000000000011011010100011101001011000000
0000000000011101001111110001001000000000
0000000000011101010000101110011011100000
0000000000011011010100111010010011100000
0000000000010111001111011010001000000000
0000000000011011010100011101001011000000
0000000000011101001111110001001000000000
0000000000011101010000101110011011100000
0000000000011011010100111010010011100000
0000000000010111001111011010001000000000
0000000000011011010100011101001011000000
0000000000011101001111110001001000000000
0000000000011101010000101110011011100000
0000000000011011010100111010010011100000
0000000000010111001111011010001000000000
0000000000011011010100011101001011000000
0000000000011101001111110001001000000000
0000000000011101010000101110011011100000
0000000000011011010100111010010011100000
0000000000010111001111011010001000000000
0000000000011011010100011101001011000000
0000000000011101001111110001001000000000
0000000000011101010000101110011011100000
0000000000011011010100111010010011100000
0000000000010111001111011010001000000000
0000000000011011010100011101001011000000
0000000000011101001111110001001000000000
0000000000011101010000101110011011100000
0000000000011011010100111010010011100000
0000000000010111001111011010001000000000
0000000000011011010100011101001011000000
0000000000011101001111110001001000000000
0000000000011101010000101110011011100000
0000000000011011010100111010010011100000
0000000000010111001111011010001000000000
0000000000011011010100011101001011000000
0000000000011101001111110001001000000000
0000000000011101010000101110011011100000
0000000000011011010100111010010011100000
0000000000010111001111011010001000000000
0000000000011011010100011101001011000000
0000000000011101001111110001001000000000
0000000000011101010000101110011011100000
0000000000011011010100111010010011100000
0000000000010111001111011010001000000000
0000000000011011010100011101001011000000
0000000000011101001111110001001000000000
0000000000011101010000101110011011100000
0000000000011011010100111010010011100000
0000000000010111001111011010001000000000
0000000000011011010100011101001011000000
0000000000011101001111110001001000000000
0000000000011101010000101110011011100000
0000000000011011010100111010010011100000
0000000000010111001111011010001000000000
0000000000011011010100011101001011000000
0000000000011101001111110001001000000000
0000000000011101010000101110011011100000
0000000000011011010100111010010011100000
0000000000010111001111011010001000000000
0000000000011011010100011101001011000000
0000000000011101001111110001001000000000
0000000000011101010000101110011011100000
0000000000011011010100111010010011100000
0000000000010111001111011010001000000000
0000000000011011010100011101001011000000
0000000000011101001111110001001000000000
0000000000011101010000101110011011100000
0000000000011011010100111010010011100000
0000000000010111001111011010001000000000
0000000000011011010100011101001011000000
0000000000011101001111110001001000000000
0000000000011101010000101110011011100000
0000000000011011010100111010010011100000
0000000000010111001111011010001000000000
0000000000011011010100011101001011000000
0000000000011101001111110001001000000000
0000000000011101010000101110011011100000
0000000000011011010100111010010011100000
0000000000010111001111011010001000000000
0000000000011011010100011101001011000000
0000000000011101001111110001001000000000
0000000000011101010000101110011011100000
0000000000011011010100111010010011100000
0000000000010111001111011010001000000000
0000000000011011010100011101001011000000
0000000000011101001111110001001000000000
0000000000011101010000101110011011100000
0000000000011011010100111010010011100000
0000000000010111001111011010001000000000
0000000000011011010100011101001011000000
0000000000011101001111110001001000000000
0000000000011101010000101110011011100000
0000000000011011010100111010010011100000
0000000000010111001111011010001000000000
0000000000011011010100011101001011000000
0000000000011101001111110001001000000000
0000000000011101010000101110011011100000
0000000000011011010100111010010011100000
0000000000010111001111011010001000000000
0000000000011011010100011101001011000000
0000000000011101001111110001001000000000
0000000000011101010000101110011011100000
0000000000011011010100111010010011100000
0000000000010111001111011010001000000000
0000000000011011010100011101001011000000
0000000000011101001111110001001000000000
0000000000011101010000101110011011100000
0000000000011011010100111010010011100000
0000000000010111001111011010001000000000
0000000000011011010100011101001011000000
0000000000011101001111110001001000000000
0000000000011101010000101110011011100000
0000000000011011010100111010010011100000
0000000000010111001111011010001000000000
0000000000011011010100011101001011000000
0000000000011101001111110001001000000000
0000000000011101010000101110011011100000
0000000000011011010100111010010011100000
0000000000010111001111011010001000000000
0000000000011011010100011101001011000000
0000000000011101001111110001001000000000
0000000000011101010000101110011011100000
0000000000011011010100111010010011100000
0000000000010111001111011010001000000000
0000000000011011010100011101001011000000
0000000000011101001111110001001000000000
0000000000011101010000101110011011100000
0000000000011011010100111010010011100000
0000000000010111001111011010001000000000
0000000000011011010100011101001011000000
0000000000011101001111110001001000000000
0000000000011101010000101110011011100000
0000000000011011010100111010010011100000
0000000000010111001111011010001000000000
0000000000011011010100011101001011000000
0000000000011101001111110001001000000000
0000000000011101010000101110011011100000
0000000000011011010100111010010011100000
0000000000010111001111011010001000000000
0000000000011011010100011101001011000000
0000000000011101001111110001001000000000
0000000000011101010000101110011011100000
0000000000011011010100111010010011100000
0000000000010111001111011010001000000000
0000000000011011010100011101001011000000
0000000000011101001111110001001000000000
0000000000011101010000101110011011100000
0000000000011011010100111010010011100000
0000000000010110000110111000000011110000
0000000000011001000111101010000010100000
0000000000011100000110101011111011010000
0000000000011100000111011010010010110000
0000000000011001000111110111001010110000
0000000000010100111001110011111011010000
0000000000010111111110010101111010000000
0000000000011001111001000100101010100000
0000000000011001110101100100000010010000
0000000000010111111010000001111010010000
0000000000010011110000011110101010110000
0000000000010101110101010000100101100000
0000000000011000110011111111010101110000
0000000000011001110000001111110001100000
0000000000010111110000111101101001100000
0000000000010010100011101001011010000000
0000000000010100101000001010011001000000
0000000000011000101010111010010001010000
0000000000011000100010111001100101000000
0000000000010110100011110111011101010000
0000000000010001011010100101010001110000
0000000000010011100011010111010000110000
0000000000010111100110011000001001000000
0000000000010111011110000111011000110000
0000000000010101011010100011010000110000
0000000000010000001101010001000101010000
0000000000010010011010100101001000100000
0000000000010101011001010100000000100000
0000000000010101001100110010010000010000
0000000000010100001101001111001100010000
0000000000010000000011111010111100100000
0000000000010001001101001111000000000000
0000000000010100010000011111111000010000
0000000000010100000111101100111111110000
0000000000010001111111111001111011110000
0000000000001101110110100110100111110000
0000000000010000000011101000101011000000
0000000000010011000111001011101011100000
0000000000010010111110111010110111010000
0000000000010000110110110101101111010000
0000000000001100101101100010011111100000
0000000000001110110110010011011110100000
0000000000010000111001100101010110110000
0000000000010000110001010011100010100000
0000000000001111101101001111010110010000
0000000000001100101100101111001110110000
0000000000001101110001100001010010000000
0000000000001110101100100010001010010000
0000000000001110100011111111010010000000
0000000000001101100011101010000001100000
0000000000001010100011001001111001110000
0000000000001011100111111100111001000000
0000000000001100011110111101110101010000
0000000000001100010110011100000001010000
0000000000001100011110100111111001000000
0000000000001010100010010110101101010000
0000000000001010011110100111100100100000
0000000000001010010001101000100000100000
0000000000001010001000110101101000010000
0000000000001011010001000010101000010000
0000000000001001011001000010011100100000
0000000000001001010101100010011000000000
0000000000001001001000110110011100010000
0000000000001000111111110001011011110000
0000000000001010000111101100010111110000
0000000000000111001011101101001011110000
0000000000000111001000001101000011000000
0000000000001000000011100010001011100000
0000000000000111110110011110010011010000
0000000000001000111010011000000111010000
0000000000000111000010100111111111100000
0000000000000101111011000111111010100000
0000000000000101110010011011111110110000
0000000000000101101001011010001110110000
0000000000000111110001010101000110110000
0000000000000101110101000010110111000000
0000000000000100110001110010101110010000
0000000000000100101101100111110010010000
0000000000000100100100111000000010010000
0000000000000110101100100011111110100000
0000000000000100101100000000110010110000
0000000000000011100100011110100010000000
0000000000000011100000010010100110000000
0000000000000100011011110010111010000000
0000000000000101011111001101110010000000
0000000000000011011111001010100110010000
0000000000000011011011011000010101100000
0000000000000011011011001100011001010000
0000000000000011010110111100100101010000
0000000000000011010110011001011101010000
0000000000000010010110000111010101100000
0000000000000010001101100100001001000000
0000000000000001001001010110001000110000
0000000000000001001001010101001100110000
0000000000000010001101000100001100110000
0000000000000001001000110011001000110000
0000000000000000000000100001000000100000
0000000000000000000000010001000000010000
0000000000000000000000000000000000000000
0000000000000000000000000000000000000000
0000000000000000000000000000000000000000
0000000000000000000000000000000000000000
0000000000000000000000000000000000000000
0000000000000000000000000000000000000000
0000000000000000000000000000000000000000
0000000000000000000000000000000000000000
0000000000000000000000000000000000000000
0000000000000000000000000000000000000000
0000000000000000000000000000000000000000
0000000000000000000000000000000000000000
0000000000000000000000000000000000000000
0000000000000000000000000000000000000000
0000000000000000000000000000000000000000
0000000000000000000000000000000000000000
0000000000000000000000000000000000000000
0000000000000000000000000000000000000000
0000000000000000000000000000000000000000
0000000000000000000000000000000000000000
0000000000000000000000000000000000000000
0000000000000000000000000000000000000000
0000000000000000000000000000000000000000
0000000000000000000000000000000000000000
0000000000000000000000000000000000000000
0000000000000000000000000000000000000000
0000000000000000000000000000000000000000
0000000000000000000000000000000000000000
0000000000000000000000000000000000000000
0000000000000000000000000000000000000000
0000000000000000000000000000000000000000
0000000000000000000000000000000000000000
0000000000000000000000000000000000000000
0000000000000000000000000000000000000000
0000000000000000000000000000000000000000
0000000000000000000000000000000000000000
0000000000000000000000000000000000000000
0000000000000000000000000000000000000000
0000000000000000000000000000000000000000
0000000000000000000000000000000000000000
0000000000000000000000000000000000000000
0000000000000000000000000000000000000000
0000000000000000000000000000000000000000
0000000000000000000000000000000000000000
0000000000000000000000000000000000000000
0000000000000000000000000000000000000000
0000000000000000000000000000000000000000
0000000000000000000000000000000000000000
0000000000000000000000000000000000000000
0000000000000000000000000000000000000000
0000000000000000000000000000000000000000
0000000000000000000000000000000000000000
0000000000000000000000000000000000000000
0000000000000000000000000000000000000000
0000000000000000000000000000000000000000
0000000000000000000000000000000000000000
0000000000000000000000000000000000000000
0000000000000000000000000000000000000000
0000000000000000000000000000000000000000
0000000000000000000000000000000000000000
0000000000000000000000000000000000000000
0000000000000000000000000000000000000000
0000000000000000000000000000000000000000
0000000000000000000000000000000000000000
0000000000000000000000000000000000000000
0000000000000000000000000000000000000000
0000000000000000000000000000000000000000
0000000000000000000000000000000000000000
0000000000000000000000000000000000000000
0000000000000000000000000000000000000000
0000000000000000000000000000000000000000
0000000000000000000000000000000000000000
0000000000000000000000000000000000000000
0000000000000000000000000000000000000000
0000000000000000000000000000000000000000
0000000000000000000000000000000000000000
0000000000000000000000000000000000000000
0000000000000000000000000000000000000000
0000000000000000000000000000000000000000
0000000000000000000000000000000000000000
0000000000000000000000000000000000000000
0000000000000000000000000000000000000000
0000000000000000000000000000000000000000
0000000000000000000000000000000000000000
0000000000000000000000000000000000000000
0000000000000000000000000000000000000000
0000000000000000000000000000000000000000
0000000000000000000000000000000000000000
0000000000000000000000000000000000000000
0000000000000000000000000000000000000000
0000000000000000000000000000000000000000
0000000000000000000000000000000000000000
0000000000000000000000000000000000000000
0000000000000000000000000000000000000000
0000000000000000000000000000000000000000
0000000000000000000000000000000000000000
0000000000000000000000000000000000000000
0000000000000000000000000000000000000000
0000000000000000000000000000000000000000
0000000000000000000000000000000000000000
0000000000000000000000000000000000000000
0000000000000000000000000000000000000000
0000000000000000000000000000000000000000
0000000000000000000000000000000000000000
0000000000000000000000000000000000000000
0000000000000000000000000000000000000000
0000000000000000000000000000000000000000
0000000000000000000000000000000000000000
0000000000000000000000000000000000000000
0000000000000000000000000000000000000000
0000000000000000000000000000000000000000
0000000000000000000000000000000000000000
0000000000000000000000000000000000000000
0000000000000000000000000000000000000000
0000000000000000000000000000000000000000
0000000000000000000000000000000000000000
0000000000000000000000000000000000000000
0000000000000000000000000000000000000000
0000000000000000000000000000000000000000
0000000000000000000000000000000000000000
0000000000000000000000000000000000000000
0000000000000000000000000000000000000000
0000000000000000000000000000000000000000
0000000000000000000000000000000000000000
0000000000000000000000000000000000000000
0000000000000000000000000000000000000000
0000000000000000000000000000000000000000
0000000000000000000000000000000000000000
0000000000000000000000000000000000000000
0000000000000000000000000000000000000000
0000000000000000000000000000000000000000
0000000000000000000000000000000000000000
0000000000000000000000000000000000000000
0000000000000000000000000000000000000000
0000000000000000000000000000000000000000
0000000000000000000000000000000000000000
0000000000000000000000000000000000000000
0000000000000000000000000000000000000000
0000000000000000000000000000000000000000
0000000000000000000000000000000000000000
0000000000000000000000000000000000000000
0000000000000000000000000000000000000000
0000000000000000000000000000000000000000
0000000000000000000000000000000000000000
0000000000000000000000000000000000000000
0000000000000000000000000000000000000000
0000000000000000000000000000000000000000
0000000000000000000000000000000000000000
0000000000000000000000000000000000000000
0000000000000000000000000000000000000000
0000000000000000000000000000000000000000
0000000000000000000000000000000000000000
0000000000000000000000000000000000000000
0000000000000000000000000000000000000000
0000000000000000000000000000000000000000
0000000000000000000000000000000000000000
0000000000000000000000000000000000000000
0000000000000000000000000000000000000000
0000000000000000000000000000000000000000
0000000000000000000000000000000000000000
0000000000000000000000000000000000000000
0000000000000000000000000000000000000000
0000000000000000000000000000000000000000
0000000000000000000000000000000000000000
0000000000000000000000000000000000000000
0000000000000000000000000000000000000000
0000000000000000000000000000000000000000
0000000000000000000000000000000000000000
0000000000000000000000000000000000000000
0000000000000000000000000000000000000000
0000000000000000000000000000000000000000
0000000000000000000000000000000000000000
0000000000000000000000000000000000000000
0000000000000000000000000000000000000000
0000000000000000000000000000000000000000
0000000000000000000000000000000000000000
0000000000000000000000000000000000000000
0000000000000000000000000000000000000000
0000000000000000000000000000000000000000
0000000000000000000000000000000000000000
0000000000000000000000000000000000000000
0000000000000000000000000000000000000000
0000000000000000000000000000000000000000
0000000000000000000000000000000000000000
0000000000000000000000000000000000000000
0000000000000000000000000000000000000000
0000000000000000000000000000000000000000
0000000000000000000000000000000000000000
0000000000000000000000000000000000000000
0000000000000000000000000000000000000000
0000000000000000000000000000000000000000
0000000000000000000000000000000000000000
0000000000000000000000000000000000000000
0000000000000000000000000000000000000000
0000000000000000000000000000000000000000
0000000000000000000000000000000000000000
0000000000000000000000000000000000000000
0000000000000000000000000000000000000000
0000000000000000000000000000000000000000
0000000000000000000000000000000000000000
0000000000000000000000000000000000000000
0000000000000000000000000000000000000000
0000000000000000000000000000000000000000
0000000000000000000000000000000000000000
0000000000000000000000000000000000000000
0000000000000000000000000000000000000000
0000000000000000000000000000000000000000
0000000000000000000000000000000000000000
0000000000000000000000000000000000000000
0000000000000000000000000000000000000000
0000000000000000000000000000000000000000
0000000000000000000000000000000000000000
0000000000000000000000000000000000000000
0000000000000000000000000000000000000000
0000000000000000000000000000000000000000
0000000000000000000000000000000000000000
0000000000000000000000000000000000000000
0000000000000000000000000000000000000000
0000000000000000000000000000000000000000
0000000000000000000000000000000000000000
0000000000000000000000000000000000000000
0000000000000000000000000000000000000000
0000000000000000000000000000000000000000
0000000000000000000000000000000000000000
0000000000000000000000000000000000000000
0000000000000000000000000000000000000000
0000000000000000000000000000000000000000
0000000000000000000000000000000000000000
0000000000000000000000000000000000000000
0000000000000000000000000000000000000000
0000000000000000000000000000000000000000
0000000000000000000000000000000000000000
0000000000000000000000000000000000000000
0000000000000000000000000000000000000000
0000000000000000000000000000000000000000
0000000000000000000000000000000000000000
0000000000000000000000000000000000000000
0000000000000000000000000000000000000000
0000000000000000000000000000000000000000
0000000000000000000000000000000000000000
0000000000000000000000000000000000000000
0000000000000000000000000000000000000000
0000000000000000000000000000000000000000
0000000000000000000000000000000000000000
0000000000000000000000000000000000000000
0000000000000000000000000000000000000000
0000000000000000000000000000000000000000
0000000000000000000000000000000000000000
0000000000000000000000000000000000000000
0000000000000000000000000000000000000000
0000000000000000000000000000000000000000
0000000000000000000000000000000000000000
0000000000000000000000000000000000000000
0000000000000000000000000000000000000000
0000000000000000000000000000000000000000
0000000000000000000000000000000000000000
0000000000000000000000000000000000000000
0000000000000000000000000000000000000000
0000000000000000000000000000000000000000
0000000000000000000000000000000000000000
0000000000000000000000000000000000000000
0000000000000000000000000000000000000000
0000000000000000000000000000000000000000
0000000000000000000000000000000000000000
0000000000000000000000000000000000000000
0000000000000000000000000000000000000000
0000000000000000000000000000000000000000
0000000000000000000000000000000000000000
0000000000000000000000000000000000000000
0000000000000000000000000000000000000000
0000000000000000000000000000000000000000
0000000000000000000000000000000000000000
0000000000000000000000000000000000000000
0000000000000000000000000000000000000000
0000000000000000000000000000000000000000
0000000000000000000000000000000000000000
0000000000000000000000000000000000000000
0000000000000000000000000000000000000000
0000000000000000000000000000000000000000
0000000000000000000000000000000000000000
0000000000000000000000000000000000000000
0000000000000000000000000000000000000000
0000000000000000000000000000000000000000
0000000000000000000000000000000000000000
0000000000000000000000000000000000000000
0000000000000000000000000000000000000000
0000000000000000000000000000000000000000
0000000000000000000000000000000000000000
0000000000000000000000000000000000000000
0000000000000000000000000000000000000000
0000000000000000000000000000000000000000
0000000000000000000000000000000000000000
0000000000000000000000000000000000000000
0000000000000000000000000000000000000000
0000000000000000000000000000000000000000
0000000000000000000000000000000000000000
0000000000000000000000000000000000000000
0000000000000000000000000000000000000000
0000000000000000000000000000000000000000
0000000000000000000000000000000000000000
0000000000000000000000000000000000000000
0000000000000000000000000000000000000000
0000000000000000000000000000000000000000
0000000000000000000000000000000000000000
0000000000000000000000000000000000000000
0000000000000000000000000000000000000000
0000000000000000000000000000000000000000
0000000000000000000000000000000000000000
0000000000000000000000000000000000000000
0000000000000000000000000000000000000000
0000000000000000000000000000000000000000
0000000000000000000000000000000000000000
0000000000000000000000000000000000000000
0000000000000000000000000000000000000000
0000000000000000000000000000000000000000
0000000000000000000000000000000000000000
0000000000000000000000000000000000000000
0000000000000000000000000000000000000000
0000000000000000000000000000000000000000
0000000000000000000000000000000000000000
0000000000000000000000000000000000000000
0000000000000000000000000000000000000000
0000000000000000000000000000000000000000
0000000000000000000000000000000000000000
0000000000000000000000000000000000000000
0000000000000000000000000000000000000000
0000000000000000000000000000000000000000
0000000000000000000000000000000000000000
0000000000000000000000000000000000000000
0000000000000000000000000000000000000000
0000000000000000000000000000000000000000
0000000000000000000000000000000000000000
0000000000000000000000000000000000000000
0000000000000000000000000000000000000000
0000000000000000000000000000000000000000
0000000000000000000000000000000000000000
0000000000000000000000000000000000000000
0000000000000000000000000000000000000000
0000000000000000000000000000000000000000
0000000000000000000000000000000000000000
0000000000000000000000000000000000000000
0000000000000000000000000000000000000000
0000000000000000000000000000000000000000
0000000000000000000000000000000000000000
0000000000000000000000000000000000000000
0000000000000000000000000000000000000000
0000000000000000000000000000000000000000
0000000000000000000000000000000000000000
0000000000000000000000000000000000000000
0000000000000000000000000000000000000000
0000000000000000000000000000000000000000
0000000000000000000000000000000000000000
0000000000000000000000000000000000000000
0000000000000000000000000000000000000000
0000000000000000000000000000000000000000
0000000000000000000000000000000000000000
0000000000000000000000000000000000000000
0000000000000000000000000000000000000000
0000000000000000000000000000000000000000
0000000000000000000000000000000000000000
0000000000000000000000000000000000000000
0000000000000000000000000000000000000000
0000000000000000000000000000000000000000
0000000000000000000000000000000000000000
0000000000000000000000000000000000000000
0000000000000000000000000000000000000000
0000000000000000000000000000000000000000
0000000000000000000000000000000000000000
0000000000000000000000000000000000000000
0000000000000000000000000000000000000000
0000000000000000000000000000000000000000
0000000000000000000000000000000000000000
0000000000000000000000000000000000000000
0000000000000000000000000000000000000000
0000000000000000000000000000000000000000
0000000000000000000000000000000000000000
0000000000000000000000000000000000000000
0000000000000000000000000000000000000000
0000000000000000000000000000000000000000
0000000000000000000000000000000000000000
0000000000000000000000000000000000000000
0000000000000000000000000000000000000000
0000000000000000000000000000000000000000
0000000000000000000000000000000000000000
0000000000000000000000000000000000000000
0000000000000000000000000000000000000000
0000000000000000000000000000000000000000
0000000000000000000000000000000000000000
0000000000000000000000000000000000000000
0000000000000000000000000000000000000000
0000000000000000000000000000000000000000
0000000000000000000000000000000000000000
0000000000000000000000000000000000000000
0000000000000000000000000000000000000000
0000000000000000000000000000000000000000
0000000000000000000000000000000000000000
0000000000000000000000000000000000000000
0000000000000000000000000000000000000000
0000000000000000000000000000000000000000
0000000000000000000000000000000000000000
0000000000000000000000000000000000000000
0000000000000000000000000000000000000000
0000000000000000000000000000000000000000
0000000000000000000000000000000000000000
0000000000000000000000000000000000000000
0000000000000000000000000000000000000000
0000000000000000000000000000000000000000
0000000000000000000000000000000000000000
0000000000000000000000000000000000000000
0000000000000000000000000000000000000000
0000000000000000000000000000000000000000
0000000000000000000000000000000000000000
0000000000000000000000000000000000000000
0000000000000000000000000000000000000000
0000000000000000000000000000000000000000
0000000000000000000000000000000000000000
0000000000000000000000000000000000000000
0000000000000000000000000000000000000000
0000000000000000000000000000000000000000
0000000000000000000000000000000000000000
0000000000000000000000000000000000000000
0000000000000000000000000000000000000000
0000000000000000000000000000000000000000
0000000000000000000000000000000000000000
0000000000000000000000000000000000000000
0000000000000000000000000000000000000000
0000000000000000000000000000000000000000
0000000000000000000000000000000000000000
0000000000000000000000000000000000000000
0000000000000000000000000000000000000000
0000000000000000000000000000000000000000
0000000000000000000000000000000000000000
0000000000000000000000000000000000000000
0000000000000000000000000000000000000000
0000000000000000000000000000000000000000
0000000000000000000000000000000000000000
0000000000000000000000000000000000000000
0000000000000000000000000000000000000000
0000000000000000000000000000000000000000
0000000000000000000000000000000000000000
0000000000000000000000000000000000000000
0000000000000000000000000000000000000000
0000000000000000000000000000000000000000
0000000000000000000000000000000000000000
0000000000000000000000000000000000000000
0000000000000000000000000000000000000000
0000000000000000000000000000000000000000
0000000000000000000000000000000000000000
0000000000000000000000000000000000000000
0000000000000000000000000000000000000000
0000000000000000000000000000000000000000
0000000000000000000000000000000000000000
0000000000000000000000000000000000000000
0000000000000000000000000000000000000000
0000000000000000000000000000000000000000
0000000000000000000000000000000000000000
0000000000000000000000000000000000000000
0000000000000000000000000000000000000000
0000000000000000000000000000000000000000
0000000000000000000000000000000000000000
0000000000000000000000000000000000000000
0000000000000000000000000000000000000000
0000000000000000000000000000000000000000
0000000000000000000000000000000000000000
0000000000000000000000000000000000000000
0000000000000000000000000000000000000000
0000000000000000000000000000000000000000
0000000000000000000000000000000000000000
0000000000000000000000000000000000000000
0000000000000000000000000000000000000000
0000000000000000000000000000000000000000
0000000000000000000000000000000000000000
0000000000000000000000000000000000000000
0000000000000000000000000000000000000000
0000000000000000000000000000000000000000
0000000000000000000000000000000000000000
0000000000000000000000000000000000000000
0000000000000000000000000000000000000000
0000000000000000000000000000000000000000
0000000000000000000000000000000000000000
0000000000000000000000000000000000000000
0000000000000000000000000000000000000000
0000000000000000000000000000000000000000
0000000000000000000000000000000000000000
0000000000000000000000000000000000000000
0000000000000000000000000000000000000000
0000000000000000000000000000000000000000
0000000000000000000000000000000000000000
0000000000000000000000000000000000000000
0000000000000000000000000000000000000000
0000000000000000000000000000000000000000
0000000000000000000000000000000000000000
0000000000000000000000000000000000000000
0000000000000000000000000000000000000000
0000000000000000000000000000000000000000
0000000000000000000000000000000000000000
0000000000000000000000000000000000000000
0000000000000000000000000000000000000000
0000000000000000000000000000000000000000
0000000000000000000000000000000000000000
0000000000000000000000000000000000000000
0000000000000000000000000000000000000000
0000000000000000000000000000000000000000
0000000000000000000000000000000000000000
0000000000000000000000000000000000000000
0000000000000000000000000000000000000000
0000000000000000000000000000000000000000
0000000000000000000000000000000000000000
0000000000000000000000000000000000000000
0000000000000000000000000000000000000000
0000000000000000000000000000000000000000
0000000000000000000000000000000000000000
0000000000000000000000000000000000000000
0000000000000000000000000000000000000000
0000000000000000000000000000000000000000
0000000000000000000000000000000000000000
0000000000000000000000000000000000000000
0000000000000000000000000000000000000000
0000000000000000000000000000000000000000
0000000000000000000000000000000000000000
0000000000000000000000000000000000000000
0000000000000000000000000000000000000000
0000000000000000000000000000000000000000
0000000000000000000000000000000000000000
0000000000000000000000000000000000000000
0000000000000000000000000000000000000000
0000000000000000000000000000000000000000
0000000000000000000000000000000000000000
0000000000000000000000000000000000000000
0000000000000000000000000000000000000000
0000000000000000000000000000000000000000
0000000000000000000000000000000000000000
0000000000000000000000000000000000000000
0000000000000000000000000000000000000000
0000000000000000000000000000000000000000
0000000000000000000000000000000000000000
0000000000000000000000000000000000000000
0000000000000000000000000000000000000000
0000000000000000000000000000000000000000
0000000000000000000000000000000000000000
0000000000000000000000000000000000000000
0000000000000000000000000000000000000000
0000000000000000000000000000000000000000
0000000000000000000000000000000000000000
0000000000000000000000000000000000000000
0000000000000000000000000000000000000000
0000000000000000000000000000000000000000
0000000000000000000000000000000000000000
0000000000000000000000000000000000000000
0000000000000000000000000000000000000000
0000000000000000000000000000000000000000
0000000000000000000000000000000000000000
