00000000000000000000000000000000
11111111111111111001010110010101
11111111111111100011110001011100
11111111111111000011101011110001
11111111111110101010110100010000
11111111111110110000011110011111
11111111111111100100001010000111
00000000000001000000100110000101
00000000000010100110011100100100
00000000000011100011101111010011
00000000000011001000000011100001
00000000000000111110111000100010
11111111111101100100010101111111
11111111111010000111101100111100
11111111111000010100100000001001
11111111111001100101111010010100
11111111111110010100001000000101
00000000000101010011100001110011
00000000001011111011010110101011
00000000001110111100001010011110
00000000001011111000110101001100
00000000000010100000000001001010
11111111110101011010100111010001
11111111101001101101010001111110
11111111100101000111111100110101
11111111101011100100011101011000
11111111111100110101000001110011
00000000010011101011000011010100
00000000100111000101100101010000
00000000101101100001110001110000
00000000100001001001101001000001
00000000000011010010000000100100
11111111011101010111111111010100
11111110111110100000101001110110
11111110110101110110001110110000
11111111001011111010111101011001
11111111111101100001110011000110
00000000111010110000101001000000
00000001101011011000100100100111
00000001110111101001010010110011
00000001010010100000111001001111
00000000000001010010101000101011
11111110011100111101101011101001
11111101001011110000111011110001
11111100110100011000110110000010
11111101101111000110001101000100
11111111111010010101011111101001
00000010110111101110110001001110
00000101110011100011011100110100
00000111110100110101111101010101
00001000010000110101100010110001
00000110111010101011111010100011
00000100001001010110101001110010
00000000110000111111001011000100
11111101110001101100010101011111
11111100000001101111001011011100
11111011111011000111010011110110
11111101010011010101001001011111
11111111100000011110000111101101
00000001101001100100011110100111
00000010111011111111101110010001
00000010111101101010000110010111
00000001110101001100100001110100
00000000000101010011100010011000
11111110011101011110000110011010
11111101100110011111001111001011
11111101110010101010101001100100
11111110110111110110110101010101
00000000010101010011110001001011
00000001100010011100110001010110
00000010000000001000001010101110
00000001100101000100111010110110
00000000100000100110011011110000
11111111010010110000101101010100
11111110011101110100001001000000
11111110010111010111101000011101
11111110111111101000111101011111
00000000000010010101111111101110
00000001000000011111010110110000
00000001011110011111001110001011
00000001010000001111010010110010
00000000011101111101000111010011
11111111011111110010010111110100
11111110110010011110000111110011
11111110101010001110111010101111
11111111001001110111101001001011
00000000000001111001011100001111
00000000111000000000001110110100
00000001010011010000011010010010
00000001000111011110011110111111
00000000011010100111010100101011
11111111100001110001111011100110
11111110110111011000000011111100
11111110101110111010100010001100
11111111001100000110110011111001
00000000000001010000111100101010
00000000110101101101010111001101
00000001010001001011101001111111
00000001000111000001110100000100
00000000011011111111100101011100
11111111100100000000011010100100
11111110111000110111100010010001
11111110101110011000000111011100
11111111001001010110010100100101
11111111111101011001110111100101
00000000110010101001101010100110
00000001010000101001100111111011
00000001001001101000100010001010
00000000100000110100100000111110
11111111101000111100011010101000
11111110111011101001100100100010
11111110101101101110011110010000
11111111000101100100000111001011
11111111111000001110010000101110
00000000101110011100110110111111
00000001001111010110111111100101
00000001001011110110000000010010
00000000100101100001001001111110
11111111101101111110001111011001
11111110111110101100110111101100
11111110101101011001100111000001
11111111000010000000101010011001
11111111110011000100100111100100
00000000101010000100010100011111
00000001001101110000010100011001
00000001001101110000010100011001
00000000101010000100010100011111
11111111110011000100100111100100
11111111000010000000101010011001
11111110101101011001100111000001
11111110111110101100110111101100
11111111101101111110001111011001
00000000100101100001001001111110
00000001001011110110000000010010
00000001001111010110111111100101
00000000101110011100110110111111
11111111111000001110010000101110
11111111000101100100000111001011
11111110101101101110011110010000
11111110111011101001100100100010
11111111101000111100011010101000
00000000100000110100100000111110
00000001001001101000100010001010
00000001010000101001100111111011
00000000110010101001101010100110
11111111111101011001110111100101
11111111001001010110010100100101
11111110101110011000000111011100
11111110111000110111100010010001
11111111100100000000011010100100
00000000011011111111100101011100
00000001000111001000011101101111
00000001010001100111111000100100
00000000110110101001101011011011
00000000000010100110001000011011
11111111001101010110010101011010
11111110101111010110011000000101
11111110110110010111011101110110
11111111011111001011011111000010
00000000010111000011100101011000
00000001000100010110011011011110
00000001010010010001100001110000
00000000111010011011111000110101
00000000000111110001101111010010
11111111010001100011001001000001
11111110110000101001000000011011
11111110110100001001111111101110
11111111011010011110110110000010
00000000010010000001110000100111
00000001000001010011001000010100
00000001010010100110011000111111
00000000111101111111010101100111
00000000001100111011011000011100
11111111010101111011101011100001
11111110110010001111101011100111
11111110110010001111101011100111
11111111010101111011101011100001
00000000001100111011011000011100
00000000111101111111010101100111
00000001010010100110011000111111
00000001000001010011001000010100
00000000010010000001110000100111
11111111011010011110110110000010
11111110110100001001111111101110
11111110110000101001000000011011
11111111010001100011001001000001
00000000000111110001101111010010
00000000111010011011111000110101
00000001010010010001100001110000
00000001000100010110011011011110
00000000010111000011100101011000
11111111011111001011011111000010
11111110110110010111011101110110
11111110101111010110011000000101
11111111001101010110010101011010
00000000000010100110001000011011
00000000110110101001101011011011
00000001010001100111111000100100
00000001000111001000011101101111
00000000011011111111100101011100
11111111100100000000011010100100
11111110111000110111100010010001
11111110101110011000000111011100
11111111001001010110010100100101
11111111111101011001110111100101
00000000110010101001101010100110
00000001010000101001100111111011
00000001001001101000100010001010
00000000100000110100100000111110
11111111101000111100011010101000
11111110111011101001100100100010
11111110101101101110011110010000
11111111000101100100000111001011
11111111111000001110010000101110
00000000101110011100110110111111
00000001001111010110111111100101
00000001001011110110000000010010
00000000100101100001001001111110
11111111101101111110001111011001
11111110111110101100110111101100
11111110101101011001100111000001
11111111000010000000101010011001
11111111110011000100100111100100
00000000101010000100010100011111
00000001001101110000010100011001
00000001001101110000010100011001
00000000101010000100010100011111
11111111110011000100100111100100
11111111000010000000101010011001
11111110101101011001100111000001
11111110111110101100110111101100
11111111101101111110001111011001
00000000100101100001001001111110
00000001001011110110000000010010
00000001001111010110111111100101
00000000101110011100110110111111
11111111111000001110010000101110
11111111000101100100000111001011
11111110101101101110011110010000
11111110111011101001100100100010
11111111101000111100011010101000
00000000100000110100100000111110
00000001001001101000100010001010
00000001010000101001100111111011
00000000110010101001101010100110
11111111111101011001110111100101
11111111001001010110010100100101
11111110101110011000000111011100
11111110111000110111100010010001
11111111100100000000011010100100
00000000011011111111100101011100
00000001000111001000011101101111
00000001010001100111111000100100
00000000110110101001101011011011
00000000000010100110001000011011
11111111001101010110010101011010
11111110101111010110011000000101
11111110110110010111011101110110
11111111011111001011011111000010
00000000010111000011100101011000
00000001000100010110011011011110
00000001010010010001100001110000
00000000111010011011111000110101
00000000000111110001101111010010
11111111010001100011001001000001
11111110110000101001000000011011
11111110110100001001111111101110
11111111011010011110110110000010
00000000010010000001110000100111
00000001000001010011001000010100
00000001010010100110011000111111
00000000111101111111010101100111
00000000001100111011011000011100
11111111010101111011101011100001
11111110110010001111101011100111
11111110110010001111101011100111
11111111010101111011101011100001
00000000001100111011011000011100
00000000111101111111010101100111
00000001010010100110011000111111
00000001000001010011001000010100
00000000010010000001110000100111
11111111011010011110110110000010
11111110110100001001111111101110
11111110110000101001000000011011
11111111010001100011001001000001
00000000000111110001101111010010
00000000111010011011111000110101
00000001010010010001100001110000
00000001000100010110011011011110
00000000010111000011100101011000
11111111011111001011011111000010
11111110110110010111011101110110
11111110101111010110011000000101
11111111001101010110010101011010
00000000000010100110001000011011
00000000110110101001101011011011
00000001010001100111111000100100
00000001000111001000011101101111
00000000011011111111100101011100
11111111100100000000011010100100
11111110111000110111100010010001
11111110101110011000000111011100
11111111001001010110010100100101
11111111111101011001110111100101
00000000110010101001101010100110
00000001010000101001100111111011
00000001001001101000100010001010
00000000100000110100100000111110
11111111101000111100011010101000
11111110111011101001100100100010
11111110101101101110011110010000
11111111000101100100000111001011
11111111111000001110010000101110
00000000101110011100110110111111
00000001001111010110111111100101
00000001001011110110000000010010
00000000100101100001001001111110
11111111101101111110001111011001
11111110111110101100110111101100
11111110101101011001100111000001
11111111000010000000101010011001
11111111110011000100100111100100
00000000101010000100010100011111
00000001001101110000010100011001
00000001001101110000010100011001
00000000101010000100010100011111
11111111110011000100100111100100
11111111000010000000101010011001
11111110101101011001100111000001
11111110111110101100110111101100
11111111101101111110001111011001
00000000100101100001001001111110
00000001001011110110000000010010
00000001001111010110111111100101
00000000101110011100110110111111
11111111111000001110010000101110
11111111000101100100000111001011
11111110101101101110011110010000
11111110111011101001100100100010
11111111101000111100011010101000
00000000100000110100100000111110
00000001001001101000100010001010
00000001010000101001100111111011
00000000110010101001101010100110
11111111111101011001110111100101
11111111001001010110010100100101
11111110101110011000000111011100
11111110111000110111100010010001
11111111100100000000011010100100
00000000011011111111100101011100
00000001000111001000011101101111
00000001010001100111111000100100
00000000110110101001101011011011
00000000000010100110001000011011
11111111001101010110010101011010
11111110101111010110011000000101
11111110110110010111011101110110
11111111011111001011011111000010
00000000010111000011100101011000
00000001000100010110011011011110
00000001010010010001100001110000
00000000111010011011111000110101
00000000000111110001101111010010
11111111010001100011001001000001
11111110110000101001000000011011
11111110110100001001111111101110
11111111011010011110110110000010
00000000010010000001110000100111
00000001000001010011001000010100
00000001010010100110011000111111
00000000111101111111010101100111
00000000001100111011011000011100
11111111010101111011101011100001
11111110110010001111101011100111
11111110110010001111101011100111
11111111010101111011101011100001
00000000001100111011011000011100
00000000111101111111010101100111
00000001010010100110011000111111
00000001000001010011001000010100
00000000010010000001110000100111
11111111011010011110110110000010
11111110110100001001111111101110
11111110110000101001000000011011
11111111010001100011001001000001
00000000000111110001101111010010
00000000111010011011111000110101
00000001010010010001100001110000
00000001000100010110011011011110
00000000010111000011100101011000
11111111011111001011011111000010
11111110110110010111011101110110
11111110101111010110011000000101
11111111001101010110010101011010
00000000000010100110001000011011
00000000110110101001101011011011
00000001010001100111111000100100
00000001000111001000011101101111
00000000011011111111100101011100
11111111100100000000011010100100
11111110111000110111100010010001
11111110101110011000000111011100
11111111001001010110010100100101
11111111111101011001110111100101
00000000110010101001101010100110
00000001010000101001100111111011
00000001001001101000100010001010
00000000100000110100100000111110
11111111101000111100011010101000
11111110111011101001100100100010
11111110101101101110011110010000
11111111000101100100000111001011
11111111111000001110010000101110
00000000101110011100110110111111
00000001001111010110111111100101
00000001001011110110000000010010
00000000100101100001001001111110
11111111101101111110001111011001
11111110111110101100110111101100
11111110101101011001100111000001
11111111000010000000101010011001
11111111110011000100100111100100
00000000101010000100010100011111
00000001001101110000010100011001
00000001001101110000010100011001
00000000101010000100010100011111
11111111110011000100100111100100
11111111000010000000101010011001
11111110101101011001100111000001
11111110111110101100110111101100
11111111101101111110001111011001
00000000100101100001001001111110
00000001001011110110000000010010
00000001001111010110111111100101
00000000101110011100110110111111
11111111111000001110010000101110
11111111000101100100000111001011
11111110101101101110011110010000
11111110111011101001100100100010
11111111101000111100011010101000
00000000100000110100100000111110
00000001001001101000100010001010
00000001010000101001100111111011
00000000110010101001101010100110
11111111111101011001110111100101
11111111001001010110010100100101
11111110101110011000000111011100
11111110111000110111100010010001
11111111100100000000011010100100
00000000011011111111100101011100
00000001000111001000011101101111
00000001010001100111111000100100
00000000110110101001101011011011
00000000000010100110001000011011
11111111001101010110010101011010
11111110101111010110011000000101
11111110110110010111011101110110
11111111011111001011011111000010
00000000010111000011100101011000
00000001000100010110011011011110
00000001010010010001100001110000
00000000111010011011111000110101
00000000000111110001101111010010
11111111010001100011001001000001
11111110110000101001000000011011
11111110110100001001111111101110
11111111011010011110110110000010
00000000010010000001110000100111
00000001000001010011001000010100
00000001010010100110011000111111
00000000111101111111010101100111
00000000001100111011011000011100
11111111010101111011101011100001
11111110110010001111101011100111
11111110110010001111101011100111
11111111010101111011101011100001
00000000001100111011011000011100
00000000111101111111010101100111
00000001010010100110011000111111
00000001000001010011001000010100
00000000010010000001110000100111
11111111011010011110110110000010
11111110110100001001111111101110
11111110110000101001000000011011
11111111010001100011001001000001
00000000000111110001101111010010
00000000111010011011111000110101
00000001010010010001100001110000
00000001000100010110011011011110
00000000010111000011100101011000
11111111011111001011011111000010
11111110110110010111011101110110
11111110101111010110011000000101
11111111001101010110010101011010
00000000000010100110001000011011
00000000110110101001101011011011
00000001010001100111111000100100
00000001000111001000011101101111
00000000011011111111100101011100
