00000000000000000000000000000000
11111111111111110110000100111000
11111111111111011111000010110001
11111111111111010010100010100111
11111111111111100110010101001010
00000000000000010000110011110000
00000000000000110010010001000001
00000000000000110111111111111100
00000000000000101010100111111111
00000000000000010111110100000000
11111111111111111011010010101111
11111111111111001010111010101101
11111111111110010101100011110100
11111111111110000101100100011011
11111111111110111010011010000000
00000000000000100100001011111101
00000000000010001100100101000010
00000000000011000001011100100100
00000000000010110000010011111111
00000000000001011101100101010101
11111111111111010101001100000111
11111111111100110011111111001110
11111111111010111001010011011011
11111111111010110101101000011101
11111111111101010001110111011110
00000000000001100001111111001001
00000000000101110011110111000101
00000000001000001110001011000110
00000000000111101000000010110100
00000000000011111001101010001011
11111111111101111000101101110110
11111111110111011001010100000110
11111111110011000011010001100000
11111111110011011001011010001100
11111111111001011100000001101001
00000000000011101000001010110001
00000000001110001110000111000011
00000000010100110100000011001101
00000000010100000100100000001101
00000000001010110111111001110101
11111111111010111000110101010111
11111111101000101011111101110100
11111111011011000101010101000001
11111111011001001101111000001011
11111111100111110010111000110100
00000000000110110111010000011100
00000000110001010111101100010000
00000001011110100110101100010010
00000010000100100100101010011111
00000010011010011011111100100011
00000010011010101101110111100011
00000010000101000001101010011001
00000001011110100110101100010010
00000000110000111010101100010110
00000000000110100101010101011011
11111111101000000100110011110101
11111111011001101010111000000101
11111111011011000101010101000001
11111111101000001110111101111011
11111111111010100110111010010110
00000000001011001001110100110101
00000000010100100001100000000111
00000000010100110100000011001101
00000000001101110001000111001010
00000000000011010110001111110000
11111111111001101101111100101001
11111111110011110110011010000110
11111111110011000011010001100000
11111111110110111100010100001101
11111111111101100110110010110110
00000000000100001011100101001100
00000000001000000101000010101101
00000000001000001110001011000110
00000000000101010110110111001011
00000000000001010000000100001000
11111111111101100011110010011110
11111111111011010010101000010111
11111111111010111001010011011011
11111111111100010110111111010101
11111111111111000011010001000111
00000000000001101111100000010101
00000000000011001101010011111001
00000000000011000001011100100100
00000000000001101111100101001000
00000000000000010010010000111100
11111111111111001100010101000000
11111111111110100010100100010101
11111111111110010101100011110100
11111111111110101101111010110011
11111111111111101001010111101110
00000000000000101001101111000001
00000000000001000111100111111001
00000000000000110111111111111100
00000000000000010101010001000111
11111111111111111110111000110000
11111111111111111000010000001010
11111111111111101111100010100001
11111111111111011111000010110001
11111111111111011001000100111110
11111111111111101110000100111111
00000000000000010001111011000001
00000000000000011100111111111001
00000000000000000000000000000000
11111111111111100011000000000111
11111111111111101110000100111111
00000000000000010001111011000001
00000000000000011100111111111001
00000000000000000000000000000000
11111111111111100011000000000111
11111111111111101110000100111111
00000000000000010001111011000001
00000000000000011100111111111001
00000000000000000000000000000000
11111111111111100011000000000111
11111111111111101110000100111111
00000000000000010001111011000001
00000000000000011100111111111001
00000000000000000000000000000000
11111111111111100011000000000111
11111111111111101110000100111111
00000000000000010001111011000001
00000000000000011100111111111001
00000000000000000000000000000000
11111111111111100011000000000111
11111111111111101110000100111111
00000000000000010001111011000001
00000000000000011100111111111001
00000000000000000000000000000000
11111111111111100011000000000111
11111111111111101110000100111111
00000000000000010001111011000001
00000000000000011100111111111001
00000000000000000000000000000000
11111111111111100011000000000111
11111111111111101110000100111111
00000000000000010001111011000001
00000000000000011100111111111001
00000000000000000000000000000000
11111111111111100011000000000111
11111111111111101110000100111111
00000000000000010001111011000001
00000000000000011100111111111001
00000000000000000000000000000000
11111111111111100011000000000111
11111111111111101110000100111111
00000000000000010001111011000001
00000000000000011100111111111001
00000000000000000000000000000000
11111111111111100011000000000111
11111111111111101110000100111111
00000000000000010001111011000001
00000000000000011100111111111001
00000000000000000000000000000000
11111111111111100011000000000111
11111111111111101110000100111111
00000000000000010001111011000001
00000000000000011100111111111001
00000000000000000000000000000000
11111111111111100011000000000111
11111111111111101110000100111111
00000000000000010001111011000001
00000000000000011100111111111001
00000000000000000000000000000000
11111111111111100011000000000111
11111111111111101110000100111111
00000000000000010001111011000001
00000000000000011100111111111001
00000000000000000000000000000000
11111111111111100011000000000111
11111111111111101110000100111111
00000000000000010001111011000001
00000000000000011100111111111001
00000000000000000000000000000000
11111111111111100011000000000111
11111111111111101110000100111111
00000000000000010001111011000001
00000000000000011100111111111001
00000000000000000000000000000000
11111111111111100011000000000111
11111111111111101110000100111111
00000000000000010001111011000001
00000000000000011100111111111001
00000000000000000000000000000000
11111111111111100011000000000111
11111111111111101110000100111111
00000000000000010001111011000001
00000000000000011100111111111001
00000000000000000000000000000000
11111111111111100011000000000111
11111111111111101110000100111111
00000000000000010001111011000001
00000000000000011100111111111001
00000000000000000000000000000000
11111111111111100011000000000111
11111111111111101110000100111111
00000000000000010001111011000001
00000000000000011100111111111001
00000000000000000000000000000000
11111111111111100011000000000111
11111111111111101110000100111111
00000000000000010001111011000001
00000000000000011100111111111001
00000000000000000000000000000000
11111111111111100011000000000111
11111111111111101110000100111111
00000000000000010001111011000001
00000000000000011100111111111001
00000000000000000000000000000000
11111111111111100011000000000111
11111111111111101110000100111111
00000000000000010001111011000001
00000000000000011100111111111001
00000000000000000000000000000000
11111111111111100011000000000111
11111111111111101110000100111111
00000000000000010001111011000001
00000000000000011100111111111001
00000000000000000000000000000000
11111111111111100011000000000111
11111111111111101110000100111111
00000000000000010001111011000001
00000000000000011100111111111001
00000000000000000000000000000000
11111111111111100011000000000111
11111111111111101110000100111111
00000000000000010001111011000001
00000000000000011100111111111001
00000000000000000000000000000000
11111111111111100011000000000111
11111111111111101110000100111111
00000000000000010001111011000001
00000000000000011100111111111001
00000000000000000000000000000000
11111111111111100011000000000111
11111111111111101110000100111111
00000000000000010001111011000001
00000000000000011100111111111001
00000000000000000000000000000000
11111111111111100011000000000111
11111111111111101110000100111111
00000000000000010001111011000001
00000000000000011100111111111001
00000000000000000000000000000000
11111111111111100011000000000111
11111111111111101110000100111111
00000000000000010001111011000001
00000000000000011100111111111001
00000000000000000000000000000000
11111111111111100011000000000111
11111111111111101110000100111111
00000000000000010001111011000001
00000000000000011100111111111001
00000000000000000000000000000000
11111111111111100011000000000111
11111111111111101110000100111111
00000000000000010001111011000001
00000000000000011100111111111001
00000000000000000000000000000000
11111111111111100011000000000111
11111111111111101110000100111111
00000000000000010001111011000001
00000000000000011100111111111001
00000000000000000000000000000000
11111111111111100011000000000111
11111111111111101110000100111111
00000000000000010001111011000001
00000000000000011100111111111001
00000000000000000000000000000000
11111111111111100011000000000111
11111111111111101110000100111111
00000000000000010001111011000001
00000000000000011100111111111001
00000000000000000000000000000000
11111111111111100011000000000111
11111111111111101110000100111111
00000000000000010001111011000001
00000000000000011100111111111001
00000000000000000000000000000000
11111111111111100011000000000111
11111111111111101110000100111111
00000000000000010001111011000001
00000000000000011100111111111001
00000000000000000000000000000000
11111111111111100011000000000111
11111111111111101110000100111111
00000000000000010001111011000001
00000000000000011100111111111001
00000000000000000000000000000000
11111111111111100011000000000111
11111111111111101110000100111111
00000000000000010001111011000001
00000000000000011100111111111001
00000000000000000000000000000000
11111111111111100011000000000111
11111111111111101110000100111111
00000000000000010001111011000001
00000000000000011100111111111001
00000000000000000000000000000000
11111111111111100011000000000111
11111111111111101110000100111111
00000000000000010001111011000001
00000000000000011100111111111001
00000000000000000000000000000000
11111111111111100011000000000111
11111111111111101110000100111111
00000000000000010001111011000001
00000000000000011100111111111001
00000000000000000000000000000000
11111111111111100011000000000111
11111111111111101110000100111111
00000000000000010001111011000001
00000000000000011100111111111001
00000000000000000000000000000000
11111111111111100011000000000111
11111111111111101110000100111111
00000000000000010001111011000001
00000000000000011100111111111001
00000000000000000000000000000000
11111111111111100011000000000111
11111111111111101110000100111111
00000000000000010001111011000001
00000000000000011100111111111001
00000000000000000000000000000000
11111111111111100011000000000111
11111111111111101110000100111111
00000000000000010001111011000001
00000000000000011100111111111001
00000000000000000000000000000000
11111111111111100011000000000111
11111111111111101110000100111111
00000000000000010001111011000001
00000000000000011100111111111001
00000000000000000000000000000000
11111111111111100011000000000111
11111111111111101110000100111111
00000000000000010001111011000001
00000000000000011100111111111001
00000000000000000000000000000000
11111111111111100011000000000111
11111111111111101110000100111111
00000000000000010001111011000001
00000000000000011100111111111001
00000000000000000000000000000000
11111111111111100011000000000111
11111111111111101110000100111111
00000000000000010001111011000001
00000000000000011100111111111001
00000000000000000000000000000000
11111111111111100011000000000111
11111111111111101110000100111111
00000000000000010001111011000001
00000000000000011100111111111001
00000000000000000000000000000000
11111111111111100011000000000111
11111111111111101110000100111111
00000000000000010001111011000001
00000000000000011100111111111001
00000000000000000000000000000000
11111111111111100011000000000111
11111111111111101110000100111111
00000000000000010001111011000001
00000000000000011100111111111001
00000000000000000000000000000000
11111111111111100011000000000111
11111111111111101110000100111111
00000000000000010001111011000001
00000000000000011100111111111001
00000000000000000000000000000000
11111111111111100011000000000111
11111111111111101110000100111111
00000000000000010001111011000001
00000000000000011100111111111001
00000000000000000000000000000000
11111111111111100011000000000111
11111111111111101110000100111111
00000000000000010001111011000001
00000000000000011100111111111001
00000000000000000000000000000000
11111111111111100011000000000111
11111111111111101110000100111111
00000000000000010001111011000001
00000000000000011100111111111001
00000000000000000000000000000000
11111111111111100011000000000111
11111111111111101110000100111111
00000000000000010001111011000001
00000000000000011100111111111001
00000000000000000000000000000000
11111111111111100011000000000111
11111111111111101110000100111111
00000000000000010001111011000001
00000000000000011100111111111001
00000000000000000000000000000000
11111111111111100011000000000111
11111111111111101110000100111111
00000000000000010001111011000001
00000000000000011100111111111001
00000000000000000000000000000000
11111111111111100011000000000111
11111111111111101110000100111111
00000000000000010001111011000001
00000000000000011100111111111001
00000000000000000000000000000000
11111111111111100011000000000111
11111111111111101110000100111111
00000000000000010001111011000001
00000000000000011100111111111001
00000000000000000000000000000000
11111111111111100011000000000111
11111111111111101110000100111111
00000000000000010001111011000001
00000000000000011100111111111001
00000000000000000000000000000000
11111111111111100011000000000111
11111111111111101110000100111111
00000000000000010001111011000001
00000000000000011100111111111001
00000000000000000000000000000000
11111111111111100011000000000111
11111111111111101110000100111111
00000000000000010001111011000001
00000000000000011100111111111001
00000000000000000000000000000000
11111111111111100011000000000111
11111111111111101110000100111111
00000000000000010001111011000001
00000000000000011100111111111001
00000000000000000000000000000000
11111111111111100011000000000111
11111111111111101110000100111111
00000000000000010001111011000001
00000000000000011100111111111001
00000000000000000000000000000000
11111111111111100011000000000111
11111111111111101110000100111111
00000000000000010001111011000001
00000000000000011100111111111001
00000000000000000000000000000000
11111111111111100011000000000111
11111111111111101110000100111111
00000000000000010001111011000001
00000000000000011100111111111001
00000000000000000000000000000000
11111111111111100011000000000111
11111111111111101110000100111111
00000000000000010001111011000001
00000000000000011100111111111001
00000000000000000000000000000000
11111111111111100011000000000111
11111111111111101110000100111111
00000000000000010001111011000001
00000000000000011100111111111001
00000000000000000000000000000000
11111111111111100011000000000111
11111111111111101110000100111111
00000000000000010001111011000001
00000000000000011100111111111001
00000000000000000000000000000000
11111111111111100011000000000111
11111111111111101110000100111111
00000000000000010001111011000001
00000000000000011100111111111001
00000000000000000000000000000000
11111111111111100011000000000111
11111111111111101110000100111111
00000000000000010001111011000001
00000000000000011100111111111001
00000000000000000000000000000000
11111111111111100011000000000111
11111111111111101110000100111111
00000000000000010001111011000001
00000000000000011100111111111001
00000000000000000000000000000000
11111111111111100011000000000111
11111111111111101110000100111111
00000000000000010001111011000001
00000000000000011100111111111001
00000000000000000000000000000000
11111111111111100011000000000111
11111111111111101110000100111111
00000000000000010001111011000001
00000000000000011100111111111001
00000000000000000000000000000000
11111111111111100011000000000111
11111111111111101110000100111111
00000000000000010001111011000001
00000000000000011100111111111001
00000000000000000000000000000000
11111111111111100011000000000111
11111111111111101110000100111111
00000000000000010001111011000001
00000000000000011100111111111001
00000000000000000000000000000000
11111111111111100011000000000111
11111111111111101110000100111111
00000000000000010001111011000001
00000000000000011100111111111001
00000000000000000000000000000000
11111111111111100011000000000111
11111111111111101110000100111111
