00000000000000000000000000000000
11111111111111111010001000101001
11111111111111100110011100011111
11111111111111000110111001100100
11111111111110101001000011101010
11111111111110100001101110011111
11111111111111000011011001010111
00000000000000010010101100011111
00000000000001111101111110010010
00000000000011011101010010001111
00000000000011111101110001111001
00000000000010110110111011011000
00000000000000000010100000110010
11111111111100001100011000000110
11111111111000101111001011010101
11111111110111011001001011100010
11111111111001011110011010011101
11111111111111001000011011100110
00000000000110111010010010110001
00000000001101111100011011100001
00000000010000110110101001011101
00000000001101001010001100110011
00000000000010101010100111110110
11111111110100001011100010110101
11111111100111000010110000010000
11111111100001011000100111100101
11111111100111100101001011100101
11111111111001110111010010001100
00000000010011001101001110010010
00000000101010010010010011110000
00000000110100100100101111011010
00000000101010101011000001001110
00000000001100010000001101100011
11111111100001110010101110111110
11111110111010110110011110101010
11111110101000111010101001110110
11111110111000010011001011100010
11111111101001101110101111000111
00000000101111100001101100001111
00000001110000010010000100010111
00000010001111000100110101001001
00000001110110111001110010010100
00000000100101010010001111111011
11111110101111100011101100000101
11111100111111101100010101111110
11111100001000010011111100100010
11111100110010111101001110100011
11111111001110011100101111001011
00000011000100000011010110110011
00000111011000100111010110110010
00001010111011000111000000101001
00001100011101001101001010000110
00001011001110010110111100110110
00000111010000000011001011101101
00000001011011001100001001011101
11111011010011001010001010110010
11110110101001001001011001001111
11110100111000010010001011011010
11110110100110010110000110000100
11111011010100001010000111011011
00000001100100001011101110011101
00000111010110011011100001001101
00001010110001011000010100011010
00001010101010100101000101100000
00000111000000111101111000111111
00000000111111010010010001011000
11111010100100110011110100101101
11110101111011011110100110011011
11110100101001001111100100000001
11110111001100100101101111010110
11111100110000110001110001001011
00000011011110011101101011110110
00001001000011100101111010101011
00001011100101001101101001101000
00001010001010001000101010001001
00000101001111011110110110000000
11111110011111101001110101111001
11111000001110011010000000111000
11110100100110001011010001010111
11110100111000000110010110111011
11111000111111011100110011011011
11111111100010101000000001111110
00000110010001100110101010010100
00001010110111100000111100000111
00001011101110001101010001111101
00001000100001111001011111111011
00000010011000011001011011000000
11111011011001010000111010100001
11110101111111000011001001001010
11110100000001110001101011011001
11110110001101001111111111011000
11111011110001101100010011100011
00000010110100000111001000001010
00001000111000110001110111011010
00001011111001001000000110000010
00001010110010011000001011110110
00000101111100110000000111001001
11111111000011001010100011011110
11111000011110010010110011101101
11110100011111110001001001000000
11110100011111110001001001000000
11111000011110011000101011000100
11111111000011100100000110111111
00000101111101101001001101100110
00001010110011101111001000001101
00001011111010100110010111100011
00001000111001101110011110000011
00000010110011110100011011101011
11111011101111101110010101010001
11110110001001110010101101001000
11110011111101110011111001100000
11110101111100001100001101110010
11111011011001001110011001101110
00000010011100001101000010111001
00001000101001001010010100100111
00001011110110110100000110011011
00001010111110000010100001101010
00000110010010011110001110101110
11111111011011101101101111001101
11111000110001100000010111111010
11110100100111001111101101011110
11110100011001000001000100100101
11111000001011101111011001000010
11111110101011011110010011000100
00000101101000011100000101110000
00001010101000110000000010100100
00001011111101101000011110000011
00001001001001101110101000100000
00000011001011010000011101100100
11111100000110011111011101011011
11110110011000000000111111111100
11110011111110100100100010110011
11110101101111001110011000111000
11111011000011000001000101101111
00000010000100011011110010101101
00001000011000000011001111001001
00001011110010010001111001111110
00001011000111101001100101010011
00000110100110111001110100111110
11111111110011111001101010000110
11111001000101000101010010010010
11110100101111011100010011110000
11110100010010111111111011011110
11110111111001100101101101001010
11111110010011011101110100110100
00000101010010111000001100111011
00001010011101000101111101001011
00001011111111111010001101101011
00001001011001001001110011010010
00000011100010011111101001110110
11111100011101100000010110001010
11110110100110110110001100101110
11110100000000000101110010010101
11110101100010111010000010110101
11111010101101000111110011000101
00000001101100100010001011001100
00001000000110011010010010110110
00001011101101000000000100100010
00001011010000100011101100010000
00000110111010111010101101101110
00000000001100000110010101111010
11111001011001000110001011000010
11110100111000010110011010101101
11110100001101101110000110000010
11110111100111111100110000110111
11111101111011100100001101010011
00000100111100111110111010010001
00001010010000110001100111001000
00001100000001011011011101001101
00001001100111111111000000000100
00000011111001100000100010100101
11111100110100101111100010011100
11110110110110010001010111100000
11110100000010010111100001111101
11110101010111001111111101011100
11111010010111100011111010010000
00000001010100100001101100111100
00000111110100010000100110111110
00001011100110111110111011011011
00001011011000110000010010100010
00000111001110011111101000000110
00000000100100010010010000110011
11111001101101100001110001010010
11110101000001111101011110010110
11110100001001001011111001100101
11110111010110110101101011011001
11111101100011110010111101000111
00000100100110110001100110010010
00001010000011110011110010001110
00001100000010001100000110100000
00001001110110001101010010111000
00000100010000010001101010101111
11111101001100001011100100010101
11110111000110010001100001111101
11110100000101011001101000011101
11110101001100010000110111110011
11111010000010010110110010011010
00000000111100011011111001000001
00000111100001100111010100111100
00001011100000001110110111000000
00001011100000001110110111000000
00000111100001100111010100111100
00000000111100011011111001000001
11111010000010010110110010011010
11110101001100010000110111110011
11110100000101011001101000011101
11110111000110010001100001111101
11111101001100001011100100010101
00000100010000010001101010101111
00001001110110001101010010111000
00001100000010001100000110100000
00001010000011110011110010001110
00000100100110110001100110010010
11111101100011110010111101000111
11110111010110110101101011011001
11110100001001001011111001100101
11110101000001111101011110010110
11111001101101100001110001010010
00000000100100010010010000110011
00000111001110011111101000000110
00001011011000110000010010100010
00001011100110111110111011011011
00000111110100010000100110111110
00000001010100100001101100111100
11111010010111100011111010010000
11110101010111001111111101011100
11110100000010010111100001111101
11110110110110010001010111100000
11111100110100101111100010011100
00000011111001100000100010100101
00001001100111111111000000000100
00001100000001011011011101001101
00001010010000110001100111001000
00000100111100111110111010010001
11111101111011100100001101010011
11110111100111111100110000110111
11110100001101101110000110000010
11110100111000010110011010101101
11111001011001000110001011000010
00000000001100000110010101111010
00000110111010111010101101101110
00001011010000100011101100010000
00001011101101000000000100100010
00001000000110011010010010110110
00000001101100100010001011001100
11111010101101000111110011000101
11110101100010111010000010110101
11110100000000000101110010010101
11110110100110110110001100101110
11111100011101100000010110001010
00000011100010011111101001110110
00001001011001001001110011010010
00001011111111111010001101101011
00001010011101000101111101001011
00000101010010111000001100111011
11111110010011011101110100110100
11110111111001100101101101001010
11110100010010111111111011011110
11110100101111011100010011110000
11111001000101000101010010010010
11111111110011111001101010000110
00000110100110111001110100111110
00001011000111101001100101010011
00001011110010010001111001111110
00001000011000000011001111001001
00000010000100011011110010101101
11111011000011000001000101101111
11110101101111001110011000111000
11110011111110100100100010110011
11110110011000000000111111111100
11111100000110011111011101011011
00000011001011010000011101100100
00001001001001101110101000100000
00001011111101101000011110000011
00001010101000110000000010100100
00000101101000011100000101110000
11111110101011011110010011000100
11111000001011101111011001000010
11110100011001000001000100100101
11110100100111001111101101011110
11111000110001100000010111111010
11111111011011101101101111001101
00000110010010011110001110101110
00001010111110000010100001101010
00001011110110110100000110011011
00001000101001001010010100100111
00000010011100001101000010111001
11111011011001001110011001101110
11110101111100001100001101110010
11110011111101110011111001100000
11110110001001110010101101001000
11111011101111101110010101010001
00000010110011110100011011101011
00001000111001101110011110000011
00001011111010100110010111100011
00001010110011101111001000001101
00000101111101101001001101100110
11111111000011100100000110111111
11111000011110011000101011000100
11110100011111110001001001000000
11110100011111110001001001000000
11111000011110011000101011000100
11111111000011100100000110111111
00000101111101101001001101100110
00001010110011101111001000001101
00001011111010100110010111100011
00001000111001101110011110000011
00000010110011110100011011101011
11111011101111101110010101010001
11110110001001110010101101001000
11110011111101110011111001100000
11110101111100001100001101110010
11111011011001001110011001101110
00000010011100001101000010111001
00001000101001001010010100100111
00001011110110110100000110011011
00001010111110000010100001101010
00000110010010011110001110101110
11111111011011101101101111001101
11111000110001100000010111111010
11110100100111001111101101011110
11110100011001000001000100100101
11111000001011101111011001000010
11111110101011011110010011000100
00000101101000011100000101110000
00001010101000110000000010100100
00001011111101101000011110000011
00001001001001101110101000100000
00000011001011010000011101100100
11111100000110011111011101011011
11110110011000000000111111111100
11110011111110100100100010110011
11110101101111001110011000111000
11111011000011000001000101101111
00000010000100011011110010101101
00001000011000000011001111001001
00001011110010010001111001111110
00001011000111101001100101010011
00000110100110111001110100111110
11111111110011111001101010000110
11111001000101000101010010010010
11110100101111011100010011110000
11110100010010111111111011011110
11110111111001100101101101001010
11111110010011011101110100110100
00000101010010111000001100111011
00001010011101000101111101001011
00001011111111111010001101101011
00001001011001001001110011010010
00000011100010011111101001110110
11111100011101100000010110001010
11110110100110110110001100101110
11110100000000000101110010010101
11110101100010111010000010110101
11111010101101000111110011000101
00000001101100100010001011001100
00001000000110011010010010110110
00001011101101000000000100100010
00001011010000100011101100010000
00000110111010111010101101101110
00000000001100000110010101111010
11111001011001000110001011000010
11110100111000010110011010101101
11110100001101101110000110000010
11110111100111111100110000110111
11111101111011100100001101010011
00000100111100111110111010010001
00001010010000110001100111001000
00001100000001011011011101001101
00001001100111111111000000000100
00000011111001100000100010100101
11111100110100101111100010011100
11110110110110010001010111100000
11110100000010010111100001111101
11110101010111001111111101011100
11111010010111100011111010010000
00000001010100100001101100111100
00000111110100010000100110111110
00001011100110111110111011011011
00001011011000110000010010100010
00000111001110011111101000000110
00000000100100010010010000110011
11111001101101100001110001010010
11110101000001111101011110010110
11110100001001001011111001100101
11110111010110110101101011011001
11111101100011110010111101000111
00000100100110110001100110010010
00001010000011110011110010001110
00001100000010001100000110100000
00001001110110001101010010111000
00000100010000010001101010101111
11111101001100001011100100010101
11110111000110010001100001111101
11110100000101011001101000011101
11110101001100010000110111110011
11111010000010010110110010011010
00000000111100011011111001000001
00000111100001100111010100111100
00001011100000001110110111000000
00001011100000001110110111000000
00000111100001100111010100111100
00000000111100011011111001000001
11111010000010010110110010011010
11110101001100010000110111110011
11110100000101011001101000011101
11110111000110010001100001111101
11111101001100001011100100010101
00000100010000010001101010101111
00001001110110001101010010111000
00001100000010001100000110100000
00001010000011110011110010001110
00000100100110110001100110010010
11111101100011110010111101000111
11110111010110110101101011011001
11110100001001001011111001100101
11110101000001111101011110010110
11111001101101100001110001010010
00000000100100010010010000110011
00000111001110011111101000000110
00001011011000110000010010100010
00001011100110111110111011011011
00000111110100010000100110111110
00000001010100100001101100111100
11111010010111100011111010010000
11110101010111001111111101011100
11110100000010010111100001111101
11110110110110010001010111100000
11111100110100101111100010011100
00000011111001100000100010100101
00001001100111111111000000000100
00001100000001011011011101001101
00001010010000110001100111001000
00000100111100111110111010010001
11111101111011100100001101010011
11110111100111111100110000110111
11110100001101101110000110000010
11110100111000010110011010101101
11111001011001000110001011000010
00000000001100000110010101111010
00000110111010111010101101101110
00001011010000100011101100010000
00001011101101000000000100100010
00001000000110011010010010110110
00000001101100100010001011001100
11111010101101000111110011000101
11110101100010111010000010110101
11110100000000000101110010010101
11110110100110110110001100101110
11111100011101100000010110001010
00000011100010011111101001110110
00001001011001001001110011010010
00001011111111111010001101101011
00001010011101000101111101001011
00000101010010111000001100111011
11111110010011011101110100110100
11110111111001100101101101001010
11110100010010111111111011011110
11110100101111011100010011110000
11111001000101000101010010010010
11111111110011111001101010000110
00000110100110111001110100111110
00001011000111101001100101010011
00001011110010010001111001111110
00001000011000000011001111001001
00000010000100011011110010101101
11111011000011000001000101101111
11110101101111001110011000111000
11110011111110100100100010110011
11110110011000000000111111111100
11111100000110011111011101011011
00000011001011010000011101100100
00001001001001101110101000100000
00001011111101101000011110000011
00001010101000110000000010100100
00000101101000011100000101110000
11111110101011011110010011000100
11111000001011101111011001000010
11110100011001000001000100100101
11110100100111001111101101011110
11111000110001100000010111111010
11111111011011101101101111001101
00000110010010011110001110101110
00001010111110000010100001101010
00001011110110110100000110011011
00001000101001001010010100100111
00000010011100001101000010111001
11111011011001001110011001101110
11110101111100001100001101110010
11110011111101110011111001100000
11110110001001110010101101001000
11111011101111101110010101010001
00000010110011110100011011101011
00001000111001101110011110000011
00001011111010100110010111100011
00001010110011101111001000001101
00000101111101101001001101100110
11111111000011100100000110111111
11111000011110011000101011000100
11110100011111110001001001000000
