1111111111111101
1111111111111001
1111111111110111
1111111111111000
1111111111111101
0000000000000100
0000000000001011
0000000000001111
0000000000001110
0000000000000110
1111111111111001
1111111111101011
1111111111100011
1111111111100110
1111111111110101
0000000000001101
0000000000100110
0000000000110100
0000000000101111
0000000000010100
1111111111101010
1111111111000000
1111111110101001
1111111110110010
1111111111011111
0000000000100100
0000000001101000
0000000010001101
0000000001111101
0000000000110100
1111111111000111
1111111101011100
1111111100100010
1111111100111011
1111111110101101
0000000001011011
0000000100000111
0000000101101000
0000000101000100
0000000010001011
1111111101100100
1111111000101111
1111110101101011
1111110110001111
1111111011100011
0000000101100000
0000010010101010
0000100000011101
0000101011111011
0000110010011011
0000110010011011
0000101011111011
0000100000011101
0000010010101010
0000000101100000
1111111011100011
1111110110001111
1111110101101011
1111111000101111
1111111101100100
0000000010001011
0000000101000100
0000000101101000
0000000100000111
0000000001011011
1111111110101101
1111111100111011
1111111100100010
1111111101011100
1111111111000111
0000000000110100
0000000001111101
0000000010001101
0000000001101000
0000000000100100
1111111111011111
1111111110110010
1111111110101001
1111111111000000
1111111111101010
0000000000010100
0000000000101111
0000000000110100
0000000000100110
0000000000001101
1111111111110101
1111111111100110
1111111111100011
1111111111101011
1111111111111001
0000000000000110
0000000000001110
0000000000001111
0000000000001011
0000000000000100
1111111111111101
1111111111111000
1111111111110111
1111111111111001
1111111111111101
