00000000000000000000000000000000
00000000000000000000000000000000
00000000000000000000000000000000
00000000000000000000000000000000
00100011111110001001010000010101
01011111011110000101000110101110
10011101111010110110000001011001
11001001101110011001000000001100
11010011101111000011010100110111
10010100100000100110101100010100
00100001111010010110100110111111
10100011100100100000011011101000
01000101001011011101010100000111
00100111011000101011001001011110
01111000011110010010011000110010
00011100011001101100101110000001
11011010011110110110111111000001
01110000111110101100111010011101
10101011110101101011101001011010
01010010101110000101001111111110
10000100011011100010010101110100
10001000010011110100001000101000
10110101100011010011001110111110
01010101000011101000010011110110
10101100001011010110010011111011
10011100110100010010100000000100
11010011110000110010111000111001
11100101011110101100100000110101
01110011010010000110011111010100
00101000001000100111110001010001
00011101111110011110011101100010
10110000110101110111011111111011
01011111000000001100111010001100
10011101010101011011100111110001
11010010110101011100001001010010
11101101000100101011000100001110
10001010011101111001011011100011
00011100000011011100101100010010
00010110111000110011001111011110
00000000001011010000011011010100
11011111101010110000110110111101
00011001000101110110110111000000
01001001101010010111100101111100
00010001101110111001101101110001
00000001010001011100101000011011
00011110000111000001010110001110
00000101110100001110111111001011
00001111101101100101100010101011
10000111001100001110001000101001
11000110010001011010011000011010
10110111000001101110011011110001
10110111010110011000010110110011
01111000100110101101001001110101
11000010011001011010011111111000
00101101100001101100000001101010
11101111000110100000110011101011
11000101111110101001011111000001
00010001000110110010110100001001
00000110111111010100010110010011
00011111001101101001110001100011
11111001100011101000100111011101
10100011010100111111111001011111
10010010110100110011000011100011
01111110100111110000111000010011
11111010100101111011111001101011
10001100111001100010110010101000
01011011100110101010011000001110
00011111100100100000111010011011
00111100111011110111001100111110
00011100111010101101111101110110
00011001111000000000011101100101
11011100100011001000111000001000
01111010001010110011001101010000
01101101001010111111000111101101
01000110111001100101111101000100
11000101010111110111000001110110
01101101100110001000001100011000
01011101101001001111001111101101
01000010001110100100100011000001
10010111100000000001101101011101
10001110101011100110110001101010
01111001100101111110111011010010
00000110110111111111101000101010
01011110001010101000101101101010
11101110011011110010110010001000
10001111100011011101000100010010
00010011101010110001001010100000
11111110011101111000011001010110
01010111101000010001101111100000
11001100000101100010010100010011
10000010110001101101110001001001
10001011101001010100101001011111
00110010101010110110010101000001
00111110000111010101111011101000
11011110100001110001001010100111
11100101111001111001000000011001
01011011000110101111010011010010
00011110111100110001111100111011
10011110011111010001000111000100
11010001010001011011010010111011
11110100010110111001101010001101
11110001101110100110100011000000
11000000011111001000010010000011
11000000011111001000010010000011
11001101101111101101010010101011
10010100110110010100100011011111
00110011010001110101010001100010
11010100101010001000000110111000
01001011000110001110101000000100
11000110011111101000100110111110
11000011111011110010011001011010
00111010111101010000101110111111
11111000111111011000100111100001
00001011010111001011001011100011
00010011001110010010010000101101
01100110010110000001000011001000
11110001011101011011010101010010
11100110011001110100110101000011
01010010010101101100101111111100
11000000101101011011111010100010
00001011000010001010101110011110
01100110001111001110101001100000
10101000111010010101011110101100
10110010001100010111010100110100
11001101101101001000100111010111
11110001111001110100010001100110
11000011011011111110110100100100
01011100001001001000000010001100
11101001101000001000110000011001
01000100110111100000011011000111
10100111001101011000100100010100
10010110011010111110011101001001
00001111000001010010001101100001
11011101111000110111100101011111
00001010100010111100101110110110
00101100111111100101011001010111
10010001110001100100100010010011
00011111011011111010100000101100
00000110111010011101101010111101
01011010000000111001111100111010
10101100110110000001111011101011
11100010100001010101000010101011
00110111001111101001010010010111
10000011111010111001010101110010
10100100010001100011010001000100
11011011110110010111010001001111
00010111001101111010110010011000
11110010101001111110110011101000
10000100001011100100101011100000
11111011010110001111000110100111
00111000011000010010010111111010
01111110100110000011101010110111
01011101001100001101010110000011
11010110001101100010101001111101
10110110011011101100010101001001
11111111100000111101101000000110
00111111111111110000111001011001
10111010011100111011010100100000
01001110011101110001001100011000
00101011001110110101001101101000
01100110101111011000101110110001
10011101100011001100101110111100
10111100101100100110101010001110
00001000001110000110101101101001
01011100001110001010111101010101
10010001110000011110000100010101
11100100111101110110000011000110
00111000101111010010010101000011
00100000111001010101011111010100
10101111000000001011011101101101
00010011111000011010100110101001
00110110000110100011010001001010
01100010010101111000011010100001
00110000110010001101110010011111
10101001000110010001100010110111
10011000001111110111011011101100
11111010101110111111100100111001
01010110001111010111001111100111
11100011111111100111111101110100
01111100111000000001001011011100
01001110011100011011101110011010
01110010100011010111011000101001
10001101111001101000101011001100
10010111000001001010100001010100
11011001100101100001010110100000
00110100110001010101010001100010
01111111001001100100000101011110
11101101100111100011010000000100
01011001101001011011001010111101
01001110101001100100101010101110
11011001110001101110111100111000
00101100110111011101101111010011
00110100101011000100110100011101
01000110111111100111011000011111
00000100111111101111010001000001
01111100000000111101100110100110
01111001011110000111011001000010
11110100111001010001010111111100
01101011010111000111111001001000
00001100110000101010101110011110
10101011001100011011011100100001
01110010010010100010101101010101
01111111100010000111101101111101
01111111100010000111101101111101
01110010010010100010101101010101
10101011001100011011011100100001
00001100110000101010101110011110
01101011010111000111111001001000
11110100111001010001010111111100
01111001011110000111011001000010
01111100000000111101100110100110
00000100111111101111010001000001
01000110111111100111011000011111
00110100101011000100110100011101
00101100110111011101101111010011
11011001110001101110111100111000
01001110101001100100101010101110
01011001101001011011001010111101
11101101100111100011010000000100
01111111001001100100000101011110
00110100110001010101010001100010
11011001100101100001010110100000
10010111000001001010100001010100
10001101111001101000101011001100
01110010100011010111011000101001
01001110011100011011101110011010
01111100111000000001001011011100
11100011111111100111111101110100
01010110001111010111001111100111
11111010101110111111100100111001
10011000001111110111011011101100
10101001000110010001100010110111
00110000110010001101110010011111
01100010010101111000011010100001
00110110000110100011010001001010
00010011111000011010100110101001
10101111000000001011011101101101
00100000111001010101011111010100
00111000101111010010010101000011
11100100111101110110000011000110
10010001110000011110000100010101
01011100001110001010111101010101
00001000001110000110101101101001
10111100101100100110101010001110
10011101100011001100101110111100
01100110101111011000101110110001
00101011001110110101001101101000
01001110011101110001001100011000
10111010011100111011010100100000
00111111111111110000111001011001
11111111100000111101101000000110
10110110011011101100010101001001
11010110001101100010101001111101
01011101001100001101010110000011
01111110100110000011101010110111
00111000011000010010010111111010
11111011010110001111000110100111
10000100001011100100101011100000
11110010101001111110110011101000
00010111001101111010110010011000
11011011110110010111010001001111
10100100010001100011010001000100
10000011111010111001010101110010
00110111001111101001010010010111
11100010100001010101000010101011
10101100110110000001111011101011
01011010000000111001111100111010
00000110111010011101101010111101
00011111011011111010100000101100
10010001110001100100100010010011
00101100111111100101011001010111
00001010100010111100101110110110
11011101111000110111100101011111
00001111000001010010001101100001
10010110011010111110011101001001
10100111001101011000100100010100
01000100110111100000011011000111
11101001101000001000110000011001
01011100001001001000000010001100
11000011011011111110110100100100
11110001111001110100010001100110
11001101101101001000100111010111
10110010001100010111010100110100
10101000111010010101011110101100
01100110001111001110101001100000
00001011000010001010101110011110
11000000101101011011111010100010
01010010010101101100101111111100
11100110011001110100110101000011
11110001011101011011010101010010
01100110010110000001000011001000
00010011001110010010010000101101
00001011010111001011001011100011
11111000111111011000100111100001
00111010111101010000101110111111
11000011111011110010011001011010
11000110011111101000100110111110
01001011000110001110101000000100
11010100101010001000000110111000
00110011010001110101010001100010
10010100110110010100100011011111
11001101101111101101010010101011
11000000011111001000010010000011
11000000011111001000010010000011
11001101101111101101010010101011
10010100110110010100100011011111
00110011010001110101010001100010
11010100101010001000000110111000
01001011000110001110101000000100
11000110011111101000100110111110
11000011111011110010011001011010
00111010111101010000101110111111
11111000111111011000100111100001
00001011010111001011001011100011
00010011001110010010010000101101
01100110010110000001000011001000
11110001011101011011010101010010
11100110011001110100110101000011
01010010010101101100101111111100
11000000101101011011111010100010
00001011000010001010101110011110
01100110001111001110101001100000
10101000111010010101011110101100
10110010001100010111010100110100
11001101101101001000100111010111
11110001111001110100010001100110
11000011011011111110110100100100
01011100001001001000000010001100
11101001101000001000110000011001
01000100110111100000011011000111
10100111001101011000100100010100
10010110011010111110011101001001
00001111000001010010001101100001
11011101111000110111100101011111
00001010100010111100101110110110
00101100111111100101011001010111
10010001110001100100100010010011
00011111011011111010100000101100
00000110111010011101101010111101
01011010000000111001111100111010
10101100110110000001111011101011
11100010100001010101000010101011
00110111001111101001010010010111
10000011111010111001010101110010
10100100010001100011010001000100
11011011110110010111010001001111
00010111001101111010110010011000
11110010101001111110110011101000
10000100001011100100101011100000
11111011010110001111000110100111
00111000011000010010010111111010
01111110100110000011101010110111
01011101001100001101010110000011
11010110001101100010101001111101
10110110011011101100010101001001
11111111100000111101101000000110
00111111111111110000111001011001
10111010011100111011010100100000
01001110011101110001001100011000
00101011001110110101001101101000
01100110101111011000101110110001
10011101100011001100101110111100
10111100101100100110101010001110
00001000001110000110101101101001
01011100001110001010111101010101
10010001110000011110000100010101
11100100111101110110000011000110
00111000101111010010010101000011
00100000111001010101011111010100
10101111000000001011011101101101
00010011111000011010100110101001
00110110000110100011010001001010
01100010010101111000011010100001
00110000110010001101110010011111
10101001000110010001100010110111
10011000001111110111011011101100
11111010101110111111100100111001
01010110001111010111001111100111
11100011111111100111111101110100
01111100111000000001001011011100
01001110011100011011101110011010
01110010100011010111011000101001
10001101111001101000101011001100
10010111000001001010100001010100
11011001100101100001010110100000
00110100110001010101010001100010
01111111001001100100000101011110
11101101100111100011010000000100
01011001101001011011001010111101
01001110101001100100101010101110
11011001110001101110111100111000
00101100110111011101101111010011
00110100101011000100110100011101
01000110111111100111011000011111
00000100111111101111010001000001
01111100000000111101100110100110
01111001011110000111011001000010
11110100111001010001010111111100
01101011010111000111111001001000
00001100110000101010101110011110
10101011001100011011011100100001
01110010010010100010101101010101
01111111100010000111101101111101
01111111100010000111101101111101
01110010010010100010101101010101
10101011001100011011011100100001
00001100110000101010101110011110
01101011010111000111111001001000
11110100111001010001010111111100
01111001011110000111011001000010
01111100000000111101100110100110
00000100111111101111010001000001
01000110111111100111011000011111
00110100101011000100110100011101
00101100110111011101101111010011
11011001110001101110111100111000
01001110101001100100101010101110
01011001101001011011001010111101
11101101100111100011010000000100
01111111001001100100000101011110
00110100110001010101010001100010
11011001100101100001010110100000
10010111000001001010100001010100
10001101111001101000101011001100
01110010100011010111011000101001
01001110011100011011101110011010
01111100111000000001001011011100
11100011111111100111111101110100
01010110001111010111001111100111
11111010101110111111100100111001
10011000001111110111011011101100
10101001000110010001100010110111
00110000110010001101110010011111
01100010010101111000011010100001
00110110000110100011010001001010
00010011111000011010100110101001
10101111000000001011011101101101
00100000111001010101011111010100
00111000101111010010010101000011
11100100111101110110000011000110
10010001110000011110000100010101
01011100001110001010111101010101
00001000001110000110101101101001
10111100101100100110101010001110
10011101100011001100101110111100
01100110101111011000101110110001
00101011001110110101001101101000
01001110011101110001001100011000
10111010011100111011010100100000
00111111111111110000111001011001
11111111100000111101101000000110
10110110011011101100010101001001
11010110001101100010101001111101
01011101001100001101010110000011
01111110100110000011101010110111
00111000011000010010010111111010
11111011010110001111000110100111
10000100001011100100101011100000
11110010101001111110110011101000
00010111001101111010110010011000
11011011110110010111010001001111
10100100010001100011010001000100
10000011111010111001010101110010
00110111001111101001010010010111
11100010100001010101000010101011
10101100110110000001111011101011
01011010000000111001111100111010
00000110111010011101101010111101
00011111011011111010100000101100
10010001110001100100100010010011
00101100111111100101011001010111
00001010100010111100101110110110
11011101111000110111100101011111
00001111000001010010001101100001
10010110011010111110011101001001
10100111001101011000100100010100
01000100110111100000011011000111
11101001101000001000110000011001
01011100001001001000000010001100
11000011011011111110110100100100
11110001111001110100010001100110
11001101101101001000100111010111
10110010001100010111010100110100
10101000111010010101011110101100
01100110001111001110101001100000
00001011000010001010101110011110
11000000101101011011111010100010
01010010010101101100101111111100
11100110011001110100110101000011
11110001011101011011010101010010
01100110010110000001000011001000
00010011001110010010010000101101
00001011010111001011001011100011
11111000111111011000100111100001
00111010111101010000101110111111
11000011111011110010011001011010
11000110011111101000100110111110
01001011000110001110101000000100
11010100101010001000000110111000
00110011010001110101010001100010
