0000000000000000000000000000000000000000
0000000000000000000000000000000000000000
0000000000000000000000000000000000000000
1111111111111111111111111000010110011100
1111111111111111111111100010010111010010
1111111111111111111111000011000010000011
1111111111111111111110101011010010010010
1111111111111111111110110010110001011011
1111111111111111111111100111111001110011
0000000000000000000001000100001001000000
0000000000000000000010100111010110010111
0000000000000000000011100001011100100000
0000000000000000000011000011010111011100
0000000000000000000000111001110001010111
1111111111111111111101100000000111011110
1111111111111111111010000101111001110010
1111111111111111111000010110111011110001
1111111111111111111001101100011000110001
1111111111111111111110011100001111000001
0000000000000000000101011010110000101101
0000000000000000001011111110101101111011
0000000000000000001110111010100110110101
0000000000000000001011110011010110011010
0000000000000000000010011001010100000110
1111111111111111110101010101101110101100
1111111111111111101001101101011101110000
1111111111111111100101001101000100001101
1111111111111111101011101011101000110000
1111111111111111111100111010110101001001
0000000000000000010011101101101100000111
0000000000000000100111000100111110010110
0000000000000000101101011111000101110001
0000000000000000100001000101101011010010
0000000000000000000011001110111110001001
1111111111111111011101010111000111101000
1111111111111110111110100010101110010000
1111111111111110110101111010110011011011
1111111111111111001011111111010110000100
1111111111111111111101100011101011010010
0000000000000000111010101110010101000111
0000000000000001101011010001111001110000
0000000000000001110111100000010011110011
0000000000000001010010011010101111111111
0000000000000000000001010010011101100000
1111111111111110011101000010101101010101
1111111111111101001011111000011010011101
1111111111111100110100011111011010100001
1111111111111101101111001001101100111001
1111111111111111111010010100010100111100
0000000000000010110111101010001111110111
0000000000000101110011011101000011100111
0000000000000111110100101111111011001111
0000000000001000010000110001100101100000
0000000000000110111010101010110010010001
0000000000000100001001011000001000110110
0000000000000000110001000001111100000111
1111111111111101110001101111110010111011
1111111111111100000001110001101000000011
1111111111111011111011001000010011000100
1111111111111101010011010100000100111011
1111111111111111100000011010110010011010
0000000000000001101001011111010010100101
0000000000000010111011111011000101110110
0000000000000010111101101000111010100100
0000000000000001110101001110000101010100
0000000000000000000101010101101100100011
1111111111111110011101011110111010011110
1111111111111101100110011101111100000000
1111111111111101110010100111001100110100
1111111111111110110111110011010100111110
0000000000000000010101010010001101001000
0000000000000001100010011101101111001110
0000000000000010000000001011100111110100
0000000000000001100101001000110101111101
0000000000000000100000101001111000111001
1111111111111111010010110011001100010110
1111111111111110011101110101010100110000
1111111111111110010111010110110000001101
1111111111111110111111100101110100111101
0000000000000000000010010001111011011110
0000000000000001000000011101001011101101
0000000000000001011110011111111000011101
0000000000000001010000010010101010110001
0000000000000000011110000001111100111010
1111111111111111011111110110111110000011
1111111111111110110010100000101101100101
1111111111111110101010001111100001010110
1111111111111111001001110110100000001011
0000000000000000000001110111111011000011
0000000000000000110111111111110111101011
0000000000000001010011010000110010001011
0000000000000001000111011110001001011111
0000000000000000011010100101111111000110
1111111111111111100001101111101011010001
1111111111111110110111010101100000100110
1111111111111110101110110111110010011010
1111111111111111001100000100111110111101
0000000000000000000001010001011000010100
0000000000000000110101110000101001001110
0000000000000001010001010000010000010001
0000000000000001000111000110000101000110
0000000000000000011100000001101010010001
1111111111111111100011111110010101101111
1111111111111110111000110010010001010110
1111111111111110101110010010000111000001
1111111111111111001001010010011000110101
1111111111111111111101011001111001111110
0000000000000000110010101101110010011110
0000000000000001010000110000000111011001
0000000000000001001001101110101000011010
0000000000000000100000110111101011000110
1111111111111111101000111011011101011010
1111111111111110111011100101001101111101
1111111111111110101101101000111111001100
1111111111111111000101100000001111110011
1111111111111111111000001101111110101111
0000000000000000101110100000011011100110
0000000000000001001111011100110111011011
0000000000000001001011111011100001011100
0000000000000000100101100011110010101010
1111111111111111101101111100110001000001
1111111111111110111110100111111100000100
1111111111111110101101010011011101111101
1111111111111111000001111100001000011001
1111111111111111110011000011110011001110
0000000000000000101010000111101000110011
0000000000000001001101110110010100000000
0000000000000001001101110110010100000000
0000000000000000101010000111101000110011
1111111111111111110011000011110011001110
1111111111111111000001111100001000011001
1111111111111110101101010011011101111101
1111111111111110111110100111111100000100
1111111111111111101101111100110001000001
0000000000000000100101100011110010101010
0000000000000001001011111011100001011100
0000000000000001001111011100110111011011
0000000000000000101110100000011011100110
1111111111111111111000001101111110101111
1111111111111111000101100000001111110011
1111111111111110101101101000111111001100
1111111111111110111011100101001101111101
1111111111111111101000111011011101011010
0000000000000000100000110111101011000110
0000000000000001001001101110101000011010
0000000000000001010000110000000111011001
0000000000000000110010101101110010011110
1111111111111111111101011001111001111110
1111111111111111001001010010011000110101
1111111111111110101110010010000111000001
1111111111111110111000110010010001010110
1111111111111111100011111110010101101111
0000000000000000011100000001101010010001
0000000000000001000111001101101110101010
0000000000000001010001101101111000111111
0000000000000000110110101101100111001011
0000000000000000000010100110000110000010
1111111111111111001101010010001101100010
1111111111111110101111001111111000100111
1111111111111110110110010001010111100110
1111111111111111011111001000010100111010
0000000000000000010111000100100010100110
0000000000000001000100011010110010000011
0000000000000001010010010111000000110100
0000000000000000111010011111110000001101
0000000000000000000111110010000001010001
1111111111111111010001011111100100011010
1111111111111110110000100011001000100101
1111111111111110110100000100011110100100
1111111111111111011010011100001101010110
0000000000000000010010000011001110111111
0000000000000001000001011000000011111100
0000000000000001010010101100100010000011
0000000000000000111110000011110111100111
0000000000000000001100111100001100110010
1111111111111111010101111000010111001101
1111111111111110110010001001101100000000
1111111111111110110010001001101100000000
1111111111111111010101111000010111001101
0000000000000000001100111100001100110010
0000000000000000111110000011110111100111
0000000000000001010010101100100010000011
0000000000000001000001011000000011111100
0000000000000000010010000011001110111111
1111111111111111011010011100001101010110
1111111111111110110100000100011110100100
1111111111111110110000100011001000100101
1111111111111111010001011111100100011010
0000000000000000000111110010000001010001
0000000000000000111010011111110000001101
0000000000000001010010010111000000110100
0000000000000001000100011010110010000011
0000000000000000010111000100100010100110
1111111111111111011111001000010100111010
1111111111111110110110010001010111100110
1111111111111110101111001111111000100111
1111111111111111001101010010001101100010
0000000000000000000010100110000110000010
0000000000000000110110101101100111001011
0000000000000001010001101101111000111111
0000000000000001000111001101101110101010
0000000000000000011100000001101010010001
1111111111111111100011111110010101101111
1111111111111110111000110010010001010110
1111111111111110101110010010000111000001
1111111111111111001001010010011000110101
1111111111111111111101011001111001111110
0000000000000000110010101101110010011110
0000000000000001010000110000000111011001
0000000000000001001001101110101000011010
0000000000000000100000110111101011000110
1111111111111111101000111011011101011010
1111111111111110111011100101001101111101
1111111111111110101101101000111111001100
1111111111111111000101100000001111110011
1111111111111111111000001101111110101111
0000000000000000101110100000011011100110
0000000000000001001111011100110111011011
0000000000000001001011111011100001011100
0000000000000000100101100011110010101010
1111111111111111101101111100110001000001
1111111111111110111110100111111100000100
1111111111111110101101010011011101111101
1111111111111111000001111100001000011001
1111111111111111110011000011110011001110
0000000000000000101010000111101000110011
0000000000000001001101110110010100000000
0000000000000001001101110110010100000000
0000000000000000101010000111101000110011
1111111111111111110011000011110011001110
1111111111111111000001111100001000011001
1111111111111110101101010011011101111101
1111111111111110111110100111111100000100
1111111111111111101101111100110001000001
0000000000000000100101100011110010101010
0000000000000001001011111011100001011100
0000000000000001001111011100110111011011
0000000000000000101110100000011011100110
1111111111111111111000001101111110101111
1111111111111111000101100000001111110011
1111111111111110101101101000111111001100
1111111111111110111011100101001101111101
1111111111111111101000111011011101011010
0000000000000000100000110111101011000110
0000000000000001001001101110101000011010
0000000000000001010000110000000111011001
0000000000000000110010101101110010011110
1111111111111111111101011001111001111110
1111111111111111001001010010011000110101
1111111111111110101110010010000111000001
1111111111111110111000110010010001010110
1111111111111111100011111110010101101111
0000000000000000011100000001101010010001
0000000000000001000111001101101110101010
0000000000000001010001101101111000111111
0000000000000000110110101101100111001011
0000000000000000000010100110000110000010
1111111111111111001101010010001101100010
1111111111111110101111001111111000100111
1111111111111110110110010001010111100110
1111111111111111011111001000010100111010
0000000000000000010111000100100010100110
0000000000000001000100011010110010000011
0000000000000001010010010111000000110100
0000000000000000111010011111110000001101
0000000000000000000111110010000001010001
1111111111111111010001011111100100011010
1111111111111110110000100011001000100101
1111111111111110110100000100011110100100
1111111111111111011010011100001101010110
0000000000000000010010000011001110111111
0000000000000001000001011000000011111100
0000000000000001010010101100100010000011
0000000000000000111110000011110111100111
0000000000000000001100111100001100110010
1111111111111111010101111000010111001101
1111111111111110110010001001101100000000
1111111111111110110010001001101100000000
1111111111111111010101111000010111001101
0000000000000000001100111100001100110010
0000000000000000111110000011110111100111
0000000000000001010010101100100010000011
0000000000000001000001011000000011111100
0000000000000000010010000011001110111111
1111111111111111011010011100001101010110
1111111111111110110100000100011110100100
1111111111111110110000100011001000100101
1111111111111111010001011111100100011010
0000000000000000000111110010000001010001
0000000000000000111010011111110000001101
0000000000000001010010010111000000110100
0000000000000001000100011010110010000011
0000000000000000010111000100100010100110
1111111111111111011111001000010100111010
1111111111111110110110010001010111100110
1111111111111110101111001111111000100111
1111111111111111001101010010001101100010
0000000000000000000010100110000110000010
0000000000000000110110101101100111001011
0000000000000001010001101101111000111111
0000000000000001000111001101101110101010
0000000000000000011100000001101010010001
1111111111111111100011111110010101101111
1111111111111110111000110010010001010110
1111111111111110101110010010000111000001
1111111111111111001001010010011000110101
1111111111111111111101011001111001111110
0000000000000000110010101101110010011110
0000000000000001010000110000000111011001
0000000000000001001001101110101000011010
0000000000000000100000110111101011000110
1111111111111111101000111011011101011010
1111111111111110111011100101001101111101
1111111111111110101101101000111111001100
1111111111111111000101100000001111110011
1111111111111111111000001101111110101111
0000000000000000101110100000011011100110
0000000000000001001111011100110111011011
0000000000000001001011111011100001011100
0000000000000000100101100011110010101010
1111111111111111101101111100110001000001
1111111111111110111110100111111100000100
1111111111111110101101010011011101111101
1111111111111111000001111100001000011001
1111111111111111110011000011110011001110
0000000000000000101010000111101000110011
0000000000000001001101110110010100000000
0000000000000001001101110110010100000000
0000000000000000101010000111101000110011
1111111111111111110011000011110011001110
1111111111111111000001111100001000011001
1111111111111110101101010011011101111101
1111111111111110111110100111111100000100
1111111111111111101101111100110001000001
0000000000000000100101100011110010101010
0000000000000001001011111011100001011100
0000000000000001001111011100110111011011
0000000000000000101110100000011011100110
1111111111111111111000001101111110101111
1111111111111111000101100000001111110011
1111111111111110101101101000111111001100
1111111111111110111011100101001101111101
1111111111111111101000111011011101011010
0000000000000000100000110111101011000110
0000000000000001001001101110101000011010
0000000000000001010000110000000111011001
0000000000000000110010101101110010011110
1111111111111111111101011001111001111110
1111111111111111001001010010011000110101
1111111111111110101110010010000111000001
1111111111111110111000110010010001010110
1111111111111111100011111110010101101111
0000000000000000011100000001101010010001
0000000000000001000111001101101110101010
0000000000000001010001101101111000111111
0000000000000000110110101101100111001011
0000000000000000000010100110000110000010
1111111111111111001101010010001101100010
1111111111111110101111001111111000100111
1111111111111110110110010001010111100110
1111111111111111011111001000010100111010
0000000000000000010111000100100010100110
0000000000000001000100011010110010000011
0000000000000001010010010111000000110100
0000000000000000111010011111110000001101
0000000000000000000111110010000001010001
1111111111111111010001011111100100011010
1111111111111110110000100011001000100101
1111111111111110110100000100011110100100
1111111111111111011010011100001101010110
0000000000000000010010000011001110111111
0000000000000001000001011000000011111100
0000000000000001010010101100100010000011
0000000000000000111110000011110111100111
0000000000000000001100111100001100110010
1111111111111111010101111000010111001101
1111111111111110110010001001101100000000
1111111111111110110010001001101100000000
1111111111111111010101111000010111001101
0000000000000000001100111100001100110010
0000000000000000111110000011110111100111
0000000000000001010010101100100010000011
0000000000000001000001011000000011111100
0000000000000000010010000011001110111111
1111111111111111011010011100001101010110
1111111111111110110100000100011110100100
1111111111111110110000100011001000100101
1111111111111111010001011111100100011010
0000000000000000000111110010000001010001
0000000000000000111010011111110000001101
0000000000000001010010010111000000110100
0000000000000001000100011010110010000011
0000000000000000010111000100100010100110
1111111111111111011111001000010100111010
1111111111111110110110010001010111100110
1111111111111110101111001111111000100111
1111111111111111001101010010001101100010
0000000000000000000010100110000110000010
0000000000000000110110101101100111001011
0000000000000001010001101101111000111111
0000000000000001000111001101101110101010
0000000000000000011100000001101010010001
1111111111111111100011111110010101101111
1111111111111110111000110010010001010110
1111111111111110101110010010000111000001
1111111111111111001001010010011000110101
1111111111111111111101011001111001111110
0000000000000000110010101101110010011110
0000000000000001010000110000000111011001
0000000000000001001001101110101000011010
0000000000000000100000110111101011000110
1111111111111111101000111011011101011010
1111111111111110111011100101001101111101
1111111111111110101101101000111111001100
1111111111111111000101100000001111110011
1111111111111111111000001101111110101111
0000000000000000101110100000011011100110
0000000000000001001111011100110111011011
0000000000000001001011111011100001011100
0000000000000000100101100011110010101010
1111111111111111101101111100110001000001
1111111111111110111110100111111100000100
1111111111111110101101010011011101111101
1111111111111111000001111100001000011001
1111111111111111110011000011110011001110
0000000000000000101010000111101000110011
0000000000000001001101110110010100000000
0000000000000001001101110110010100000000
0000000000000000101010000111101000110011
1111111111111111110011000011110011001110
1111111111111111000001111100001000011001
1111111111111110101101010011011101111101
1111111111111110111110100111111100000100
1111111111111111101101111100110001000001
0000000000000000100101100011110010101010
0000000000000001001011111011100001011100
0000000000000001001111011100110111011011
0000000000000000101110100000011011100110
1111111111111111111000001101111110101111
1111111111111111000101100000001111110011
1111111111111110101101101000111111001100
1111111111111110111011100101001101111101
1111111111111111101000111011011101011010
0000000000000000100000110111101011000110
0000000000000001001001101110101000011010
0000000000000001010000110000000111011001
0000000000000000110010101101110010011110
1111111111111111111101011001111001111110
1111111111111111001001010010011000110101
1111111111111110101110010010000111000001
1111111111111110111000110010010001010110
1111111111111111100011111110010101101111
0000000000000000011100000001101010010001
0000000000000001000111001101101110101010
0000000000000001010001101101111000111111
0000000000000000110110101101100111001011
0000000000000000000010100110000110000010
1111111111111111001101010010001101100010
1111111111111110101111001111111000100111
1111111111111110110110010001010111100110
1111111111111111011111001000010100111010
0000000000000000010111000100100010100110
0000000000000001000100011010110010000011
0000000000000001010010010111000000110100
0000000000000000111010011111110000001101
0000000000000000000111110010000001010001
1111111111111111010001011111100100011010
1111111111111110110000100011001000100101
1111111111111110110100000100011110100100
1111111111111111011010011100001101010110
0000000000000000010010000011001110111111
0000000000000001000001011000000011111100
0000000000000001010010101100100010000011
0000000000000000111110000011110111100111
0000000000000000001100111100001100110010
1111111111111111010101111000010111001101
1111111111111110110010001001101100000000
1111111111111110110010001001101100000000
1111111111111111010101111000010111001101
0000000000000000001100111100001100110010
0000000000000000111110000011110111100111
0000000000000001010010101100100010000011
0000000000000001000001011000000011111100
0000000000000000010010000011001110111111
1111111111111111011010011100001101010110
1111111111111110110100000100011110100100
1111111111111110110000100011001000100101
1111111111111111010001011111100100011010
0000000000000000000111110010000001010001
0000000000000000111010011111110000001101
0000000000000001010010010111000000110100
0000000000000001000100011010110010000011
0000000000000000010111000100100010100110
1111111111111111011111001000010100111010
1111111111111110110110010001010111100110
1111111111111110101111001111111000100111
1111111111111111001101010010001101100010
0000000000000000000010100110000110000010
0000000000000000110110101101100111001011
0000000000000001010001101101111000111111
