0.0
0.5620833778521306
0.9297764858882515
0.9759167619387474
0.6845471059286885
0.15643446504023054
-0.42577929156507227
-0.8607420270039438
-0.9980267284282716
-0.7901550123756901
-0.3090169943749468
0.27899110603922916
0.7705132427757887
0.99556196460308
0.8763066800438634
0.4539904997395463
-0.12533323356430492
-0.6613118653236512
-0.9685831611286314
-0.9408807689542251
-0.587785252292472
-0.03141075907812683
0.5358267949789964
0.9177546256839818
0.9822872507286889
0.7071067811865472
0.18738131458572418
-0.3971478906347828
-0.8443279255020155
-0.9995065603657315
-0.8090169943749468
-0.33873792024529187
0.24868988716485613
0.7501110696304617
0.9921147013144777
0.8910065241883678
0.48175367410171355
-0.0941083133185147
-0.6374239897486915
-0.9602936856769433
-0.9510565162951528
-0.6129070536529757
-0.06279051952931045
0.5090414157503724
0.9048270524660194
0.987688340595138
0.7289686274214091
0.21814324139654068
-0.3681245526846749
-0.827080574274563
-1.0
-0.8270805742745604
-0.3681245526846771
0.21814324139654187
0.7289686274214148
0.9876883405951377
0.9048270524660189
0.5090414157503683
-0.06279051952931877
-0.6129070536529767
-0.9510565162951542
-0.960293685676942
-0.6374239897486905
-0.09410831331851348
0.4817536741017177
0.8910065241883668
0.992114701314477
0.7501110696304586
0.24868988716485838
-0.33873792024529636
-0.8090169943749475
-0.9995065603657316
-0.844327925502013
-0.3971478906347817
0.18738131458572538
0.7071067811865495
0.9822872507286895
0.9177546256839814
0.5358267949789954
-0.03141075907813161
-0.5877852522924774
-0.9408807689542255
-0.9685831611286306
-0.6613118653236489
-0.12533323356429843
0.4539904997395474
0.8763066800438648
0.9955619646030796
0.7705132427757897
0.278991106039228
-0.30901699437494373
-0.7901550123756892
-0.998026728428272
-0.8607420270039463
-0.42577929156506916
0.1564344650402366
0.684547105928684
0.975916761938748
0.9297764858882498
0.5620833778521253
-1.22588476042053e-15
-0.5620833778521332
-0.9297764858882532
-0.9759167619387474
-0.6845471059286873
-0.15643446504022013
0.4257792915650714
0.8607420270039475
0.998026728428271
0.7901550123756921
0.3090169943749482
-0.27899110603923033
-0.7705132427757913
-0.9955619646030804
-0.8763066800438603
-0.4539904997395515
0.12533323356431497
0.6613118653236614
0.9685831611286312
0.9408807689542247
0.5877852522924697
0.031410759078122054
-0.5358267949790035
-0.9177546256839851
-0.982287250728689
-0.7071067811865477
-0.18738131458572296
0.39714789063478395
0.8443279255020181
0.9995065603657313
0.8090169943749502
0.3387379202452941
-0.24868988716486765
-0.7501110696304601
-0.9921147013144782
-0.8910065241883657
-0.48175367410172176
0.094108313318523
0.637423989748698
0.9602936856769426
0.9510565162951535
0.6129070536529747
0.06279051952930922
-0.5090414157503765
-0.9048270524660229
-0.9876883405951384
-0.7289686274214131
-0.21814324139654295
0.36812455268467936
0.8270805742745637
1.0
0.8270805742745657
0.36812455268466937
-0.21814324139655347
-0.7289686274214108
-0.9876883405951379
-0.9048270524660184
-0.5090414157503672
0.06279051952932
0.6129070536529833
0.9510565162951569
0.9602936856769436
0.6374239897486896
0.09410831331849812
-0.48175367410171877
-0.8910065241883706
-0.9921147013144769
-0.7501110696304625
-0.24868988716484344
0.33873792024530425
0.8090169943749482
0.9995065603657317
0.8443279255020123
0.397147890634774
-0.18738131458573357
-0.7071067811865553
-0.9822872507286885
-0.9177546256839809
-0.5358267949789944
0.031410759078147034
0.5877852522924669
0.9408807689542235
0.9685831611286321
0.6613118653236427
0.12533323356429016
-0.4539904997395612
-0.8763066800438586
-0.9955619646030808
-0.7705132427757844
-0.27899110603922
0.30901699437495844
0.7901550123756986
0.9980267284282708
0.860742027003942
0.42577929156506805
-0.15643446504023778
-0.6845471059286952
-0.9759167619387498
-0.9297764858882467
-0.5620833778521301
2.45176952084106e-15
0.5620833778521342
0.9297764858882538
0.9759167619387455
0.6845471059286813
0.15643446504023295
-0.4257792915650725
-0.8607420270039445
-0.9980267284282713
-0.790155012375687
-0.30901699437492675
0.2789911060392247
0.7705132427757875
0.9955619646030799
0.8763066800438563
0.45399049973954414
-0.12533323356432322
-0.661311865323657
-0.9685831611286297
-0.9408807689542218
-0.5877852522924745
-0.03141075907811373
0.5358267949789985
0.9177546256839771
0.9822872507286875
0.7071067811865519
0.1873813145857148
-0.39714789063477857
-0.8443279255020225
-0.9995065603657315
-0.8090169943749537
-0.33873792024528626
0.24868988716487572
0.7501110696304657
0.992114701314481
0.8910065241883748
0.4817536741017145
-0.09410831331853128
-0.6374239897486934
-0.960293685676949
-0.9510565162951509
-0.6129070536529794
-0.06279051952930091
0.5090414157503714
0.9048270524660265
0.9876883405951371
0.7289686274213977
0.21814324139653482
-0.3681245526846739
-0.8270805742745685
-1.0
-0.8270805742745531
-0.3681245526846748
0.21814324139653385
0.7289686274214164
0.9876883405951369
0.9048270524660148
0.5090414157503723
-0.0627905195293283
-0.612907053653001
-0.9510565162951506
-0.9602936856769413
-0.6374239897486942
-0.09410831331850396
0.4817536741017385
0.8910065241883743
0.9921147013144775
0.7501110696304664
0.24868988716484913
-0.3387379202453121
-0.8090169943749531
-0.9995065603657324
-0.8443279255020231
-0.39714789063477945
0.18738131458574175
0.7071067811865511
0.9822872507286927
0.9177546256839776
0.5358267949789994
-0.03141075907814116
-0.5877852522924736
-0.9408807689542311
-0.96858316112863
-0.6613118653236364
-0.125333233564296
0.45399049973954325
0.8763066800438695
0.99556196460308
0.770513242775779
0.27899110603922567
-0.3090169943749393
-0.7901550123756951
-0.9980267284282712
-0.8607420270039378
-0.4257792915650734
0.15643446504024602
0.684547105928691
0.9759167619387454
0.9297764858882489
0.5620833778521115
-1.0783081638862592e-14
-0.5620833778521529
-0.9297764858882464
-0.9759167619387469
-0.6845471059286752
-0.1564344650402247
0.42577929156509287
0.8607420270039488
0.9980267284282717
0.7901550123756819
0.30901699437494584
-0.2789911060392464
-0.7705132427757928
-0.9955619646030821
-0.876306680043859
-0.45399049973954936
0.1253332335643174
0.6613118653236526
0.9685831611286354
0.9408807689542238
0.5877852522924562
0.031410759078119604
-0.5358267949789935
-0.9177546256839861
-0.9822872507286886
-0.7071067811865359
-0.18738131458569265
0.3971478906347731
0.8443279255020194
0.9995065603657317
0.8090169943749405
0.33873792024526506
-0.24868988716487
-0.7501110696304618
-0.9921147013144768
-0.8910065241883646
-0.48175367410169473
0.09410831331852544
0.6374239897487107
0.9602936856769393
0.9510565162951528
0.6129070536529616
0.06279051952930678
-0.5090414157503909
-0.904827052466024
-0.987688340595138
-0.7289686274214017
-0.21814324139654054
0.36812455268469485
0.8270805742745652
1.0
0.8270805742745564
0.3681245526846803
-0.21814324139655586
-0.7289686274214124
-0.9876883405951404
-0.9048270524660174
-0.5090414157503529
0.0627905195293508
0.6129070536529965
0.9510565162951488
0.9602936856769428
0.6374239897486986
0.09410831331850981
-0.4817536741017085
-0.8910065241883717
-0.9921147013144748
-0.7501110696304515
-0.2486898871648273
0.3387379202453065
0.8090169943749663
0.9995065603657322
0.8443279255020262
0.39714789063478484
-0.18738131458570806
-0.707106781186547
-0.9822872507286916
-0.9177546256839799
-0.5358267949789803
0.03141075907813528
0.5877852522924918
0.9408807689542291
0.9685831611286244
0.6613118653236195
0.12533323356433002
-0.45399049973953803
-0.8763066800438666
-0.9955619646030806
-0.7705132427757827
-0.2789911060392313
0.3090169943749608
0.7901550123756914
0.9980267284282727
0.8607420270039263
0.425779291565053
-0.15643446504026828
-0.6845471059287074
-0.9759167619387441
-0.929776485888251
-0.5620833778521399
4.90353904168212e-15
0.5620833778521245
0.9297764858882547
0.975916761938742
0.6845471059286795
0.15643446504020245
-0.4257792915650876
-0.8607420270039603
-0.9980267284282703
-0.7901550123757028
-0.30901699437495145
0.2789911060392134
0.770513242775789
0.9955619646030816
0.8763066800438619
0.45399049973952926
-0.12533323356431156
-0.6613118653236695
-0.968583161128634
-0.9408807689542162
-0.5877852522924379
-0.03141075907812548
0.5358267949789887
0.9177546256839838
0.9822872507286897
0.7071067811865401
0.18738131458572635
-0.39714789063479383
-0.8443279255020315
-0.9995065603657309
-0.8090169943749439
-0.33873792024524385
0.24868988716489185
0.7501110696304392
0.9921147013144795
0.8910065241883672
0.48175367410172476
-0.09410831331849129
-0.6374239897487063
-0.9602936856769456
-0.9510565162951545
-0.6129070536529437
-0.06279051952928429
0.5090414157503859
0.9048270524660215
0.9876883405951389
0.7289686274214252
0.21814324139651856
-0.3681245526846894
-0.8270805742745618
-1.0
-0.8270805742745436
-0.3681245526846593
0.2181432413965501
0.7289686274214084
0.987688340595144
0.9048270524660077
0.509041415750358
-0.06279051952931657
-0.6129070536529693
-0.951056516295147
-0.9602936856769366
-0.6374239897486813
-0.09410831331851567
0.4817536741017531
0.8910065241883819
0.9921147013144755
0.7501110696304553
0.24868988716480547
-0.33873792024532773
-0.8090169943749295
-0.999506560365732
-0.8443279255020141
-0.3971478906347902
0.18738131458575813
0.7071067811865629
0.9822872507286905
0.9177546256839823
0.5358267949789614
-0.03141075907815781
-0.5877852522924871
-0.9408807689542464
-0.968583161128633
-0.6613118653236666
-0.12533323356427947
0.45399049973955813
0.8763066800438638
0.9955619646030811
0.7705132427757684
0.2789911060392096
-0.30901699437495517
-0.7901550123757227
-0.9980267284282741
-0.8607420270039293
-0.4257792915650583
0.1564344650402344
0.6845471059286824
0.9759167619387428
0.9297764858882427
0.5620833778521213
9.760035554983525e-16
-0.5620833778521667
-0.9297764858882629
-0.9759167619387432
-0.6845471059286837
-0.1564344650401802
0.42577929156505656
0.8607420270039283
0.9980267284282707
0.7901550123756891
0.309016994374957
-0.27899110603926236
-0.7705132427758034
-0.995561964603081
-0.8763066800438647
-0.4539904997395092
0.12533323356433393
0.6613118653236651
0.9685831611286466
0.9408807689542278
0.5877852522924887
0.03141075907810295
-0.5358267949790076
-0.9177546256839815
-0.9822872507286908
-0.7071067811865241
-0.1873813145857042
0.39714789063478845
0.8443279255020435
0.9995065603657303
0.8090169943749307
0.3387379202452761
-0.24868988716485863
-0.750111069630454
-0.9921147013144752
-0.891006524188357
-0.48175367410170505
0.09410831331851373
0.6374239897487236
0.960293685676952
0.9510565162951475
0.6129070536529708
0.06279051952926179
-0.5090414157503563
-0.9048270524660069
-0.9876883405951354
-0.7289686274214098
-0.21814324139655203
0.36812455268471034
0.8270805742745745
1.0
0.8270805742745629
0.3681245526846384
-0.21814324139657212
-0.7289686274214239
-0.9876883405951387
-0.9048270524660224
-0.5090414157503875
0.06279051952933906
0.6129070536529871
0.951056516295154
0.9602936856769462
0.637423989748664
0.09410831331849323
-0.4817536741017231
-0.8910065241883921
-0.9921147013144727
-0.750111069630478
-0.2486898871648387
0.3387379202452955
0.8090169943749428
0.9995065603657309
0.844327925502002
0.3971478906347695
-0.18738131458572443
-0.7071067811865789
-0.9822872507286947
-0.9177546256839733
-0.5358267949789903
0.03141075907818034
0.5877852522924594
0.9408807689542348
0.9685831611286273
0.6613118653236497
0.1253332335643135
-0.45399049973957817
-0.8763066800438747
-0.995561964603079
-0.7705132427757903
-0.278991106039188
0.3090169943749766
0.7901550123757016
0.9980267284282719
0.8607420270039468
0.4257792915650893
-0.15643446504025668
-0.6845471059286987
-0.9759167619387478
-0.9297764858882345
-0.5620833778521026
2.1566163277725183e-14
0.5620833778521382
0.9297764858882712
0.9759167619387383
0.6845471059287087
0.15643446504021408
-0.42577929156507693
-0.8607420270039398
-0.9980267284282692
-0.7901550123756752
-0.30901699437493557
0.27899110603922944
0.7705132427758178
0.9955619646030831
0.8763066800438539
0.45399049973948913
-0.1253332335642999
-0.6613118653236394
-0.9685831611286381
-0.9408807689542201
-0.5877852522924705
-0.03141075907813723
0.5358267949790267
0.9177546256839905
0.9822872507286866
0.7071067811865082
0.18738131458568205
-0.39714789063480915
-0.8443279255020252
-0.9995065603657314
-0.8090169943749508
-0.33873792024530835
0.24868988716488047
0.7501110696304689
0.9921147013144781
0.8910065241883468
0.4817536741016853
-0.09410831331853617
-0.6374239897486972
-0.9602936856769582
-0.9510565162951407
-0.6129070536529979
-0.06279051952929601
0.5090414157503758
0.9048270524660165
0.9876883405951319
0.7289686274213943
0.21814324139653002
-0.3681245526846785
-0.8270805742745871
-1.0
-0.8270805742745503
-0.3681245526846174
0.21814324139653865
0.7289686274214003
0.9876883405951421
0.9048270524660127
0.5090414157503681
-0.06279051952930484
-0.6129070536530049
-0.9510565162951609
-0.9602936856769398
-0.6374239897486466
-0.09410831331847079
0.48175367410174286
0.8910065241883766
0.992114701314477
0.7501110696304631
0.24868988716487192
-0.3387379202453167
-0.809016994374956
-0.9995065603657316
-0.84432792550199
-0.39714789063474887
0.18738131458574656
0.7071067811865547
0.9822872507286989
0.9177546256839869
0.5358267949790192
-0.03141075907814606
-0.5877852522924776
-0.9408807689542231
-0.9685831611286218
-0.6613118653236327
-0.12533323356429113
0.45399049973954764
0.8763066800438855
0.9955619646030769
0.7705132427757759
0.27899110603922095
-0.30901699437494395
-0.7901550123756806
-0.9980267284282733
-0.8607420270039353
-0.42577929156506894
0.1564344650402228
0.6845471059287151
0.9759167619387527
0.929776485888247
0.562083377852084
-4.4108330110948716e-14
-0.5620833778521099
-0.9297764858882586
-0.9759167619387458
-0.6845471059286923
-0.15643446504024794
0.4257792915650973
0.8607420270039513
0.9980267284282713
0.7901550123756613
0.30901699437491414
-0.2789911060392511
-0.7705132427757959
-0.9955619646030852
-0.876306680043843
-0.45399049973951966
0.12533323356437864
0.6613118653236989
0.9685831611286436
0.9408807689542126
0.5877852522924982
0.031410759078171514
-0.5358267949789978
-0.9177546256839768
-0.982287250728693
-0.7071067811865325
-0.18738131458571575
0.3971478906347776
0.8443279255020067
0.9995065603657306
0.8090169943749376
0.33873792024528715
-0.24868988716490228
-0.7501110696304839
-0.9921147013144809
-0.8910065241883623
-0.48175367410166553
0.09410831331855861
0.6374239897487145
0.9602936856769645
0.9510565162951337
0.6129070536529352
0.06279051952927352
-0.509041415750444
-0.9048270524660019
-0.9876883405951372
-0.7289686274214178
-0.2181432413965635
0.36812455268464656
0.8270805742745679
1.0
0.8270805742745696
0.36812455268464933
-0.21814324139656063
-0.7289686274214158
-0.9876883405951368
-0.9048270524660031
-0.5090414157503487
0.06279051952932733
0.6129070536530228
0.9510565162951679
0.9602936856769336
0.637423989748673
0.09410831331844835
-0.4817536741017626
-0.8910065241883868
-0.992114701314467
-0.7501110696304106
-0.24868988716490514
0.33873792024528443
0.8090169943749358
0.9995065603657306
0.8443279255020083
0.39714789063478034
-0.18738131458571286
-0.7071067811865304
-0.9822872507286925
-0.9177546256839779
-0.5358267949790002
0.03141075907816859
0.5877852522924958
0.9408807689542308
0.9685831611286303
0.6613118653236159
0.12533323356426876
-0.45399049973956773
-0.8763066800438963
-0.9955619646030748
-0.7705132427757615
-0.2789911060391993
0.3090169943750195
0.7901550123757293
0.9980267284282748
0.8607420270039527
0.42577929156509997
-0.1564344650401889
-0.6845471059286902
-0.9759167619387452
-0.9297764858882597
-0.5620833778521124
9.80707808336424e-15
0.5620833778521286
0.929776485888246
0.9759167619387409
0.6845471059286758
0.15643446504022568
-0.42577929156511773
-0.8607420270039627
-0.99802672842827
-0.7901550123756824
-0.3090169943748927
0.2789911060392727
0.7705132427758102
0.9955619646030873
0.8763066800438322
0.45399049973949956
-0.12533323356434461
-0.6613118653236305
-0.968583161128621
-0.9408807689542241
-0.5877852522924799
-0.031410759078148984
0.5358267949789688
0.9177546256839857
0.9822872507286888
0.7071067811865567
0.1873813145856936
-0.39714789063479833
-0.8443279255020189
-0.9995065603657317
-0.8090169943749244
-0.33873792024526594
0.24868988716486906
0.7501110696304988
0.9921147013144838
0.8910065241883521
0.4817536741016956
-0.09410831331858105
-0.6374239897487319
-0.960293685676955
-0.9510565162951267
-0.6129070536529174
-0.06279051952930775
0.5090414157503655
0.9048270524660115
0.9876883405951427
0.7289686274214024
0.2181432413965415
-0.36812455268466754
-0.8270805742745806
-1.0
-0.8270805742745568
-0.3681245526846812
0.21814324139658264
0.7289686274214312
0.9876883405951403
0.9048270524659935
0.5090414157503292
-0.06279051952934983
-0.6129070536530405
-0.9510565162951573
-0.9602936856769273
-0.6374239897486118
-0.09410831331848249
0.4817536741017823
0.8910065241884229
0.9921147013144855
0.7501110696304709
0.24868988716482823
-0.3387379202452521
-0.8090169943749491
-0.999506560365733
-0.8443279255020267
-0.39714789063475964
0.1873813145856792
0.7071067811865464
0.9822872507286967
0.9177546256839916
0.5358267949789812
-0.031410759078191124
-0.587785252292468
-0.9408807689542384
-0.9685831611286105
-0.6613118653236416
-0.12533323356424642
0.45399049973963845
0.8763066800438798
0.9955619646030727
0.7705132427757834
0.27899110603917765
-0.3090169943749328
-0.7901550123757083
-0.998026728428269
-0.8607420270039413
-0.42577929156502814
0.1564344650402112
0.6845471059287066
0.9759167619387377
0.9297764858882513
0.5620833778520937
2.449417394422024e-14
-0.5620833778521472
-0.9297764858882752
-0.9759167619387484
-0.6845471059286594
-0.15643446504014727
0.4257792915650867
0.8607420270039742
0.9980267284282721
0.7901550123756687
0.3090169943748713
-0.27899110603923977
-0.7705132427758246
-0.9955619646030894
-0.8763066800438487
-0.4539904997395808
0.1253332335643106
0.6613118653236049
0.9685831611286266
0.9408807689542166
0.5877852522925077
0.03141075907812645
-0.5358267949790358
-0.9177546256839721
-0.9822872507286846
-0.7071067811865006
-0.1873813145857273
0.39714789063481903
0.8443279255020614
0.999506560365731
0.809016994374911
0.33873792024529825
-0.2486898871648909
-0.7501110696305137
-0.9921147013144794
-0.8910065241883418
-0.481753674101626
0.09410831331854691
0.6374239897487493
0.9602936856769454
0.9510565162951724
0.6129070536529895
0.06279051952928526
-0.509041415750336
-0.904827052466021
-0.9876883405951302
-0.7289686274214259
-0.2181432413965195
0.36812455268474137
0.8270805742745613
1.0
0.8270805742745762
0.3681245526846602
-0.21814324139660465
-0.7289686274214078
-0.9876883405951439
-0.9048270524659839
-0.5090414157503588
0.06279051952937233
0.6129070536530584
0.9510565162951642
0.960293685676921
0.6374239897485945
0.09410831331846005
-0.48175367410170244
-0.8910065241883814
-0.9921147013144828
-0.7501110696304559
-0.24868988716480642
0.3387379202452733
0.8090169943749623
0.9995065603657302
0.8443279255020146
0.39714789063473893
-0.18738131458570131
-0.7071067811865622
-0.9822872507287009
-0.9177546256839826
-0.5358267949789621
0.031410759078213654
0.5877852522924862
0.9408807689542461
0.9685831611286049
0.6613118653236246
0.12533323356422404
-0.45399049973955724
-0.8763066800438907
-0.9955619646030706
-0.770513242775769
-0.2789911060392652
0.3090169943749542
0.7901550123756523
0.9980267284282704
0.8607420270039298
0.42577929156511063
-0.15643446504023345
-0.684547105928723
-0.9759167619387427
-0.9297764858882431
-0.5620833778520751
-1.952007110996705e-15
0.5620833778521659
0.9297764858882835
0.9759167619387434
0.684547105928643
0.1564344650402373
-0.4257792915651071
-0.8607420270039857
-0.9980267284282707
-0.7901550123756548
-0.3090169943748498
0.2789911060392614
0.7705132427757665
0.9955619646030809
0.8763066800438926
0.45399049973956074
-0.12533323356433296
-0.6613118653236217
-0.9685831611286322
-0.9408807689542089
-0.5877852522924895
-0.03141075907810392
0.5358267949790548
0.917754625683981
0.9822872507286804
0.707106781186565
0.18738131458570514
-0.3971478906348397
-0.8443279255020125
-0.9995065603657303
-0.8090169943748978
-0.338737920245277
0.24868988716491275
0.7501110696305285
0.9921147013144822
0.8910065241883316
0.4817536741016063
-0.09410831331845616
-0.6374239897486791
-0.9602936856769516
-0.9510565162951654
-0.6129070536529716
-0.06279051952926276
0.5090414157503554
0.9048270524660307
0.9876883405951267
0.7289686274214104
0.21814324139649752
-0.3681245526846566
-0.8270805742745739
-1.0
-0.8270805742745635
