0000000000000000
0010100011001100
0011111011011110
0011100000010101
0001011110001111
1110110000111001
1100100111110111
1100000010000001
1101010000110000
1111101111111011
0010010110011110
0011110111111101
0011100111101001
0001101101000000
1111000000010101
1100110000111001
1100000000100000
1101000101011001
1111011111111011
0010001001001011
0011110011011110
0011101110000001
0001111011010101
1111010000000010
1100111010110000
1100000000000000
1100111010110000
1111010000000010
0001111011010101
0011101110000001
0011110011011110
0010001001001011
1111011111111011
1101000101011001
1100000000100000
1100110000111001
1111000000010101
0001101101000000
0011100111101001
0011110111111101
0010010110011110
1111101111111011
1101010000110000
1100000010000001
1100100111110111
1110110000111001
0001011110001111
0011100000010101
0011111011011110
0010100011001100
0000000000000000
1101011100110100
1100000100100010
1100011111101011
1110100001110001
0001001111000111
0011011000001001
0011111101111111
0010101111010000
0000010000000101
1101101001100010
1100001000000011
1100011000010111
1110010011000000
0000111111101011
0011001111000111
0011111111100000
0010111010100111
0000100000000101
1101110110110101
1100001100100010
1100010001111111
1110000100101011
0000101111111110
0011000101010000
0100000000000000
0011000101010000
0000101111111110
1110000100101011
1100010001111111
1100001100100010
1101110110110101
0000100000000101
0010111010100111
0011111111100000
0011001111000111
0000111111101011
1110010011000000
1100011000010111
1100001000000011
1101101001100010
0000010000000101
0010101111010000
0011111101111111
0011011000001001
0001001111000111
1110100001110001
1100011111101011
1100000100100010
1101011100110100
0000000000000000
0010100011001100
0011111011011110
0011100000010101
0001011110001111
1110110000111001
1100100111110111
1100000010000001
1101010000110000
1111101111111011
0010010110011110
0011110111111101
0011100111101001
0001101101000000
1111000000010101
1100110000111001
1100000000100000
1101000101011001
1111011111111011
0010001001001011
0011110011011110
0011101110000001
0001111011010101
1111010000000010
1100111010110000
1100000000000000
1100111010110000
1111010000000010
0001111011010101
0011101110000001
0011110011011110
0010001001001011
1111011111111011
1101000101011001
1100000000100000
1100110000111001
1111000000010101
0001101101000000
0011100111101001
0011110111111101
0010010110011110
1111101111111011
1101010000110000
1100000010000001
1100100111110111
1110110000111001
0001011110001111
0011100000010101
0011111011011110
0010100011001100
0000000000000000
1101011100110100
1100000100100010
1100011111101011
1110100001110001
0001001111000111
0011011000001001
0011111101111111
0010101111010000
0000010000000101
1101101001100010
1100001000000011
1100011000010111
1110010011000000
0000111111101011
0011001111000111
0011111111100000
0010111010100111
0000100000000101
1101110110110101
1100001100100010
1100010001111111
1110000100101011
0000101111111110
0011000101010000
0100000000000000
0011000101010000
0000101111111110
1110000100101011
1100010001111111
1100001100100010
1101110110110101
0000100000000101
0010111010100111
0011111111100000
0011001111000111
0000111111101011
1110010011000000
1100011000010111
1100001000000011
1101101001100010
0000010000000101
0010101111010000
0011111101111111
0011011000001001
0001001111000111
1110100001110001
1100011111101011
1100000100100010
1101011100110100
0000000000000000
0010100011001100
0011111011011110
0011100000010101
0001011110001111
1110110000111001
1100100111110111
1100000010000001
1101010000110000
1111101111111011
0010010110011110
0011110111111101
0011100111101001
0001101101000000
1111000000010101
1100110000111001
1100000000100000
1101000101011001
1111011111111011
0010001001001011
0011110011011110
0011101110000001
0001111011010101
1111010000000010
1100111010110000
1100000000000000
1100111010110000
1111010000000010
0001111011010101
0011101110000001
0011110011011110
0010001001001011
1111011111111011
1101000101011001
1100000000100000
1100110000111001
1111000000010101
0001101101000000
0011100111101001
0011110111111101
0010010110011110
1111101111111011
1101010000110000
1100000010000001
1100100111110111
1110110000111001
0001011110001111
0011100000010101
0011111011011110
0010100011001100
0000000000000000
1101011100110100
1100000100100010
1100011111101011
1110100001110001
0001001111000111
0011011000001001
0011111101111111
0010101111010000
0000010000000101
1101101001100010
1100001000000011
1100011000010111
1110010011000000
0000111111101011
0011001111000111
0011111111100000
0010111010100111
0000100000000101
1101110110110101
1100001100100010
1100010001111111
1110000100101011
0000101111111110
0011000101010000
0100000000000000
0011000101010000
0000101111111110
1110000100101011
1100010001111111
1100001100100010
1101110110110101
0000100000000101
0010111010100111
0011111111100000
0011001111000111
0000111111101011
1110010011000000
1100011000010111
1100001000000011
1101101001100010
0000010000000101
0010101111010000
0011111101111111
0011011000001001
0001001111000111
1110100001110001
1100011111101011
1100000100100010
1101011100110100
0000000000000000
0010100011001100
0011111011011110
0011100000010101
0001011110001111
1110110000111001
1100100111110111
1100000010000001
1101010000110000
1111101111111011
0010010110011110
0011110111111101
0011100111101001
0001101101000000
1111000000010101
1100110000111001
1100000000100000
1101000101011001
1111011111111011
0010001001001011
0011110011011110
0011101110000001
0001111011010101
1111010000000010
1100111010110000
1100000000000000
1100111010110000
1111010000000010
0001111011010101
0011101110000001
0011110011011110
0010001001001011
1111011111111011
1101000101011001
1100000000100000
1100110000111001
1111000000010101
0001101101000000
0011100111101001
0011110111111101
0010010110011110
1111101111111011
1101010000110000
1100000010000001
1100100111110111
1110110000111001
0001011110001111
0011100000010101
0011111011011110
0010100011001100
0000000000000000
1101011100110100
1100000100100010
1100011111101011
1110100001110001
0001001111000111
0011011000001001
0011111101111111
0010101111010000
0000010000000101
1101101001100010
1100001000000011
1100011000010111
1110010011000000
0000111111101011
0011001111000111
0011111111100000
0010111010100111
0000100000000101
1101110110110101
1100001100100010
1100010001111111
1110000100101011
0000101111111110
0011000101010000
0100000000000000
0011000101010000
0000101111111110
1110000100101011
1100010001111111
1100001100100010
1101110110110101
0000100000000101
0010111010100111
0011111111100000
0011001111000111
0000111111101011
1110010011000000
1100011000010111
1100001000000011
1101101001100010
0000010000000101
0010101111010000
0011111101111111
0011011000001001
0001001111000111
1110100001110001
1100011111101011
1100000100100010
1101011100110100
0000000000000000
0010100011001100
0011111011011110
0011100000010101
0001011110001111
1110110000111001
1100100111110111
1100000010000001
1101010000110000
1111101111111011
0010010110011110
0011110111111101
0011100111101001
0001101101000000
1111000000010101
1100110000111001
1100000000100000
1101000101011001
1111011111111011
0010001001001011
0011110011011110
0011101110000001
0001111011010101
1111010000000010
1100111010110000
1100000000000000
1100111010110000
1111010000000010
0001111011010101
0011101110000001
0011110011011110
0010001001001011
1111011111111011
1101000101011001
1100000000100000
1100110000111001
1111000000010101
0001101101000000
0011100111101001
0011110111111101
0010010110011110
1111101111111011
1101010000110000
1100000010000001
1100100111110111
1110110000111001
0001011110001111
0011100000010101
0011111011011110
0010100011001100
0000000000000000
1101011100110100
1100000100100010
1100011111101011
1110100001110001
0001001111000111
0011011000001001
0011111101111111
0010101111010000
0000010000000101
1101101001100010
1100001000000011
1100011000010111
1110010011000000
0000111111101011
0011001111000111
0011111111100000
0010111010100111
0000100000000101
1101110110110101
1100001100100010
1100010001111111
1110000100101011
0000101111111110
0011000101010000
0100000000000000
0011000101010000
0000101111111110
1110000100101011
1100010001111111
1100001100100010
1101110110110101
0000100000000101
0010111010100111
0011111111100000
0011001111000111
0000111111101011
1110010011000000
1100011000010111
1100001000000011
1101101001100010
0000010000000101
0010101111010000
0011111101111111
0011011000001001
0001001111000111
1110100001110001
1100011111101011
1100000100100010
1101011100110100
0000000000000000
0010100011001100
0011111011011110
0011100000010101
0001011110001111
1110110000111001
1100100111110111
1100000010000001
1101010000110000
1111101111111011
0010010110011110
0011110111111101
0011100111101001
0001101101000000
1111000000010101
1100110000111001
1100000000100000
1101000101011001
1111011111111011
0010001001001011
0011110011011110
0011101110000001
0001111011010101
1111010000000010
1100111010110000
1100000000000000
1100111010110000
1111010000000010
0001111011010101
0011101110000001
0011110011011110
0010001001001011
1111011111111011
1101000101011001
1100000000100000
1100110000111001
1111000000010101
0001101101000000
0011100111101001
0011110111111101
0010010110011110
1111101111111011
1101010000110000
1100000010000001
1100100111110111
1110110000111001
0001011110001111
0011100000010101
0011111011011110
0010100011001100
0000000000000000
1101011100110100
1100000100100010
1100011111101011
1110100001110001
0001001111000111
0011011000001001
0011111101111111
0010101111010000
0000010000000101
1101101001100010
1100001000000011
1100011000010111
1110010011000000
0000111111101011
0011001111000111
0011111111100000
0010111010100111
0000100000000101
1101110110110101
1100001100100010
1100010001111111
1110000100101011
0000101111111110
0011000101010000
0100000000000000
0011000101010000
0000101111111110
1110000100101011
1100010001111111
1100001100100010
1101110110110101
0000100000000101
0010111010100111
0011111111100000
0011001111000111
0000111111101011
1110010011000000
1100011000010111
1100001000000011
1101101001100010
0000010000000101
0010101111010000
0011111101111111
0011011000001001
0001001111000111
1110100001110001
1100011111101011
1100000100100010
1101011100110100
0000000000000000
0010100011001100
0011111011011110
0011100000010101
0001011110001111
1110110000111001
1100100111110111
1100000010000001
1101010000110000
1111101111111011
0010010110011110
0011110111111101
0011100111101001
0001101101000000
1111000000010101
1100110000111001
1100000000100000
1101000101011001
1111011111111011
0010001001001011
0011110011011110
0011101110000001
0001111011010101
1111010000000010
1100111010110000
1100000000000000
1100111010110000
1111010000000010
0001111011010101
0011101110000001
0011110011011110
0010001001001011
1111011111111011
1101000101011001
1100000000100000
1100110000111001
1111000000010101
0001101101000000
0011100111101001
0011110111111101
0010010110011110
1111101111111011
1101010000110000
1100000010000001
1100100111110111
1110110000111001
0001011110001111
0011100000010101
0011111011011110
0010100011001100
0000000000000000
1101011100110100
1100000100100010
1100011111101011
1110100001110001
0001001111000111
0011011000001001
0011111101111111
0010101111010000
0000010000000101
1101101001100010
1100001000000011
1100011000010111
1110010011000000
0000111111101011
0011001111000111
0011111111100000
0010111010100111
0000100000000101
1101110110110101
1100001100100010
1100010001111111
1110000100101011
0000101111111110
0011000101010000
0100000000000000
0011000101010000
0000101111111110
1110000100101011
1100010001111111
1100001100100010
1101110110110101
0000100000000101
0010111010100111
0011111111100000
0011001111000111
0000111111101011
1110010011000000
1100011000010111
1100001000000011
1101101001100010
0000010000000101
0010101111010000
0011111101111111
0011011000001001
0001001111000111
1110100001110001
1100011111101011
1100000100100010
1101011100110100
0000000000000000
0010100011001100
0011111011011110
0011100000010101
0001011110001111
1110110000111001
1100100111110111
1100000010000001
1101010000110000
1111101111111011
0010010110011110
0011110111111101
0011100111101001
0001101101000000
1111000000010101
1100110000111001
1100000000100000
1101000101011001
1111011111111011
0010001001001011
0011110011011110
0011101110000001
0001111011010101
1111010000000010
1100111010110000
1100000000000000
1100111010110000
1111010000000010
0001111011010101
0011101110000001
0011110011011110
0010001001001011
1111011111111011
1101000101011001
1100000000100000
1100110000111001
1111000000010101
0001101101000000
0011100111101001
0011110111111101
0010010110011110
1111101111111011
1101010000110000
1100000010000001
1100100111110111
1110110000111001
0001011110001111
0011100000010101
0011111011011110
0010100011001100
0000000000000000
1101011100110100
1100000100100010
1100011111101011
1110100001110001
0001001111000111
0011011000001001
0011111101111111
0010101111010000
0000010000000101
1101101001100010
1100001000000011
1100011000010111
1110010011000000
0000111111101011
0011001111000111
0011111111100000
0010111010100111
0000100000000101
1101110110110101
1100001100100010
1100010001111111
1110000100101011
0000101111111110
0011000101010000
0100000000000000
0011000101010000
0000101111111110
1110000100101011
1100010001111111
1100001100100010
1101110110110101
0000100000000101
0010111010100111
0011111111100000
0011001111000111
0000111111101011
1110010011000000
1100011000010111
1100001000000011
1101101001100010
0000010000000101
0010101111010000
0011111101111111
0011011000001001
0001001111000111
1110100001110001
1100011111101011
1100000100100010
1101011100110100
0000000000000000
0010100011001100
0011111011011110
0011100000010101
0001011110001111
1110110000111001
1100100111110111
1100000010000001
1101010000110000
1111101111111011
0010010110011110
0011110111111101
0011100111101001
0001101101000000
1111000000010101
1100110000111001
1100000000100000
1101000101011001
1111011111111011
0010001001001011
0011110011011110
0011101110000001
0001111011010101
1111010000000010
1100111010110000
1100000000000000
1100111010110000
1111010000000010
0001111011010101
0011101110000001
0011110011011110
0010001001001011
1111011111111011
1101000101011001
1100000000100000
1100110000111001
1111000000010101
0001101101000000
0011100111101001
0011110111111101
0010010110011110
1111101111111011
1101010000110000
1100000010000001
1100100111110111
1110110000111001
0001011110001111
0011100000010101
0011111011011110
0010100011001100
0000000000000000
1101011100110100
1100000100100010
1100011111101011
1110100001110001
0001001111000111
0011011000001001
0011111101111111
0010101111010000
0000010000000101
1101101001100010
1100001000000011
1100011000010111
1110010011000000
0000111111101011
0011001111000111
0011111111100000
0010111010100111
0000100000000101
1101110110110101
1100001100100010
1100010001111111
1110000100101011
0000101111111110
0011000101010000
0100000000000000
0011000101010000
0000101111111110
1110000100101011
1100010001111111
1100001100100010
1101110110110101
0000100000000101
0010111010100111
0011111111100000
0011001111000111
0000111111101011
1110010011000000
1100011000010111
1100001000000011
1101101001100010
0000010000000101
0010101111010000
0011111101111111
0011011000001001
0001001111000111
1110100001110001
1100011111101011
1100000100100010
1101011100110100
0000000000000000
0010100011001100
0011111011011110
0011100000010101
0001011110001111
1110110000111001
1100100111110111
1100000010000001
1101010000110000
