0000000000000000
0010001111111001
0011101110000001
0011111001110101
0010101111010000
0000101000000011
1110010011000000
1100100011101010
1100000000100000
1100110101101110
1110110000111001
0001000111011011
0011000101010000
0011111110110111
0011100000010101
0001110100001110
1111011111111011
1101010110101101
1100001000000011
1100001111001001
1101101001100010
1111110111111101
0010001001001011
0011101010111100
0011111011011110
0010110101000001
0000101111111110
1110011010010101
1100100111110111
1100000000001000
1100110000111001
1110101001010010
0000111111101011
0011000000000010
0011111101111111
0011100100000110
0001111011010101
1111100111111010
1101011100110100
1100001010001011
1100001100100010
1101100011000110
1111101111111011
0010000010010100
0011100111101001
0011111100110110
0010111010100111
0000110111110110
1110100001110001
1100101100010001
1100000000000000
1100101100010001
1110100001110001
0000110111110110
0010111010100111
0011111100110110
0011100111101001
0010000010010100
1111101111111011
1101100011000110
1100001100100010
1100001010001011
1101011100110100
1111100111111010
0001111011010101
0011100100000110
0011111101111111
0011000000000010
0000111111101011
1110101001010010
1100110000111001
1100000000001000
1100100111110111
1110011010010101
0000101111111110
0010110101000001
0011111011011110
0011101010111100
0010001001001011
1111110111111101
1101101001100010
1100001111001001
1100001000000011
1101010110101101
1111011111111011
0001110100001110
0011100000010101
0011111110110111
0011000101010000
0001000111011011
1110110000111001
1100110101101110
1100000000100000
1100100011101010
1110010011000000
0000101000000011
0010101111010000
0011111001110101
0011101110000001
0010001111111001
0000000000000000
1101110000000111
1100010001111111
1100000110001011
1101010000110000
1111010111111101
0001101101000000
0011011100010110
0011111111100000
0011001010010010
0001001111000111
1110111000100101
1100111010110000
1100000001001001
1100011111101011
1110001011110010
0000100000000101
0010101001010011
0011110111111101
0011110000110111
0010010110011110
0000001000000011
1101110110110101
1100010101000100
1100000100100010
1101001010111111
1111010000000010
0001100101101011
0011011000001001
0011111111111000
0011001111000111
0001010110101110
1111000000010101
1100111111111110
1100000010000001
1100011011111010
1110000100101011
0000011000000110
0010100011001100
0011110101110101
0011110011011110
0010011100111010
0000010000000101
1101111101101100
1100011000010111
1100000011001010
1101000101011001
1111001000001010
0001011110001111
0011010011101111
0100000000000000
0011010011101111
0001011110001111
1111001000001010
1101000101011001
1100000011001010
1100011000010111
1101111101101100
0000010000000101
0010011100111010
0011110011011110
0011110101110101
0010100011001100
0000011000000110
1110000100101011
1100011011111010
1100000010000001
1100111111111110
1111000000010101
0001010110101110
0011001111000111
0011111111111000
0011011000001001
0001100101101011
1111010000000010
1101001010111111
1100000100100010
1100010101000100
1101110110110101
0000001000000011
0010010110011110
0011110000110111
0011110111111101
0010101001010011
0000100000000101
1110001011110010
1100011111101011
1100000001001001
1100111010110000
1110111000100101
0001001111000111
0011001010010010
0011111111100000
0011011100010110
0001101101000000
1111010111111101
1101010000110000
1100000110001011
1100010001111111
1101110000000111
0000000000000000
0010001111111001
0011101110000001
0011111001110101
0010101111010000
0000101000000011
1110010011000000
1100100011101010
1100000000100000
1100110101101110
1110110000111001
0001000111011011
0011000101010000
0011111110110111
0011100000010101
0001110100001110
1111011111111011
1101010110101101
1100001000000011
1100001111001001
1101101001100010
1111110111111101
0010001001001011
0011101010111100
0011111011011110
0010110101000001
0000101111111110
1110011010010101
1100100111110111
1100000000001000
1100110000111001
1110101001010010
0000111111101011
0011000000000010
0011111101111111
0011100100000110
0001111011010101
1111100111111010
1101011100110100
1100001010001011
1100001100100010
1101100011000110
1111101111111011
0010000010010100
0011100111101001
0011111100110110
0010111010100111
0000110111110110
1110100001110001
1100101100010001
1100000000000000
1100101100010001
1110100001110001
0000110111110110
0010111010100111
0011111100110110
0011100111101001
0010000010010100
1111101111111011
1101100011000110
1100001100100010
1100001010001011
1101011100110100
1111100111111010
0001111011010101
0011100100000110
0011111101111111
0011000000000010
0000111111101011
1110101001010010
1100110000111001
1100000000001000
1100100111110111
1110011010010101
0000101111111110
0010110101000001
0011111011011110
0011101010111100
0010001001001011
1111110111111101
1101101001100010
1100001111001001
1100001000000011
1101010110101101
1111011111111011
0001110100001110
0011100000010101
0011111110110111
0011000101010000
0001000111011011
1110110000111001
1100110101101110
1100000000100000
1100100011101010
1110010011000000
0000101000000011
0010101111010000
0011111001110101
0011101110000001
0010001111111001
0000000000000000
1101110000000111
1100010001111111
1100000110001011
1101010000110000
1111010111111101
0001101101000000
0011011100010110
0011111111100000
0011001010010010
0001001111000111
1110111000100101
1100111010110000
1100000001001001
1100011111101011
1110001011110010
0000100000000101
0010101001010011
0011110111111101
0011110000110111
0010010110011110
0000001000000011
1101110110110101
1100010101000100
1100000100100010
1101001010111111
1111010000000010
0001100101101011
0011011000001001
0011111111111000
0011001111000111
0001010110101110
1111000000010101
1100111111111110
1100000010000001
1100011011111010
1110000100101011
0000011000000110
0010100011001100
0011110101110101
0011110011011110
0010011100111010
0000010000000101
1101111101101100
1100011000010111
1100000011001010
1101000101011001
1111001000001010
0001011110001111
0011010011101111
0100000000000000
0011010011101111
0001011110001111
1111001000001010
1101000101011001
1100000011001010
1100011000010111
1101111101101100
0000010000000101
0010011100111010
0011110011011110
0011110101110101
0010100011001100
0000011000000110
1110000100101011
1100011011111010
1100000010000001
1100111111111110
1111000000010101
0001010110101110
0011001111000111
0011111111111000
0011011000001001
0001100101101011
1111010000000010
1101001010111111
1100000100100010
1100010101000100
1101110110110101
0000001000000011
0010010110011110
0011110000110111
0011110111111101
0010101001010011
0000100000000101
1110001011110010
1100011111101011
1100000001001001
1100111010110000
1110111000100101
0001001111000111
0011001010010010
0011111111100000
0011011100010110
0001101101000000
1111010111111101
1101010000110000
1100000110001011
1100010001111111
1101110000000111
0000000000000000
0010001111111001
0011101110000001
0011111001110101
0010101111010000
0000101000000011
1110010011000000
1100100011101010
1100000000100000
1100110101101110
1110110000111001
0001000111011011
0011000101010000
0011111110110111
0011100000010101
0001110100001110
1111011111111011
1101010110101101
1100001000000011
1100001111001001
1101101001100010
1111110111111101
0010001001001011
0011101010111100
0011111011011110
0010110101000001
0000101111111110
1110011010010101
1100100111110111
1100000000001000
1100110000111001
1110101001010010
0000111111101011
0011000000000010
0011111101111111
0011100100000110
0001111011010101
1111100111111010
1101011100110100
1100001010001011
1100001100100010
1101100011000110
1111101111111011
0010000010010100
0011100111101001
0011111100110110
0010111010100111
0000110111110110
1110100001110001
1100101100010001
1100000000000000
1100101100010001
1110100001110001
0000110111110110
0010111010100111
0011111100110110
0011100111101001
0010000010010100
1111101111111011
1101100011000110
1100001100100010
1100001010001011
1101011100110100
1111100111111010
0001111011010101
0011100100000110
0011111101111111
0011000000000010
0000111111101011
1110101001010010
1100110000111001
1100000000001000
1100100111110111
1110011010010101
0000101111111110
0010110101000001
0011111011011110
0011101010111100
0010001001001011
1111110111111101
1101101001100010
1100001111001001
1100001000000011
1101010110101101
1111011111111011
0001110100001110
0011100000010101
0011111110110111
0011000101010000
0001000111011011
1110110000111001
1100110101101110
1100000000100000
1100100011101010
1110010011000000
0000101000000011
0010101111010000
0011111001110101
0011101110000001
0010001111111001
0000000000000000
1101110000000111
1100010001111111
1100000110001011
1101010000110000
1111010111111101
0001101101000000
0011011100010110
0011111111100000
0011001010010010
0001001111000111
1110111000100101
1100111010110000
1100000001001001
1100011111101011
1110001011110010
0000100000000101
0010101001010011
0011110111111101
0011110000110111
0010010110011110
0000001000000011
1101110110110101
1100010101000100
1100000100100010
1101001010111111
1111010000000010
0001100101101011
0011011000001001
0011111111111000
0011001111000111
0001010110101110
1111000000010101
1100111111111110
1100000010000001
1100011011111010
1110000100101011
0000011000000110
0010100011001100
0011110101110101
0011110011011110
0010011100111010
0000010000000101
1101111101101100
1100011000010111
1100000011001010
1101000101011001
1111001000001010
0001011110001111
0011010011101111
0100000000000000
0011010011101111
0001011110001111
1111001000001010
1101000101011001
1100000011001010
1100011000010111
1101111101101100
0000010000000101
0010011100111010
0011110011011110
0011110101110101
0010100011001100
0000011000000110
1110000100101011
1100011011111010
1100000010000001
1100111111111110
1111000000010101
0001010110101110
0011001111000111
0011111111111000
0011011000001001
0001100101101011
1111010000000010
1101001010111111
1100000100100010
1100010101000100
1101110110110101
0000001000000011
0010010110011110
0011110000110111
0011110111111101
0010101001010011
0000100000000101
1110001011110010
1100011111101011
1100000001001001
1100111010110000
1110111000100101
0001001111000111
0011001010010010
0011111111100000
0011011100010110
0001101101000000
1111010111111101
1101010000110000
1100000110001011
1100010001111111
1101110000000111
0000000000000000
0010001111111001
0011101110000001
0011111001110101
0010101111010000
0000101000000011
1110010011000000
1100100011101010
1100000000100000
1100110101101110
1110110000111001
0001000111011011
0011000101010000
0011111110110111
0011100000010101
0001110100001110
1111011111111011
1101010110101101
1100001000000011
1100001111001001
1101101001100010
1111110111111101
0010001001001011
0011101010111100
0011111011011110
0010110101000001
0000101111111110
1110011010010101
1100100111110111
1100000000001000
1100110000111001
1110101001010010
0000111111101011
0011000000000010
0011111101111111
0011100100000110
0001111011010101
1111100111111010
1101011100110100
1100001010001011
1100001100100010
1101100011000110
1111101111111011
0010000010010100
0011100111101001
0011111100110110
0010111010100111
0000110111110110
1110100001110001
1100101100010001
1100000000000000
1100101100010001
1110100001110001
0000110111110110
0010111010100111
0011111100110110
0011100111101001
0010000010010100
1111101111111011
1101100011000110
1100001100100010
1100001010001011
1101011100110100
1111100111111010
0001111011010101
0011100100000110
0011111101111111
0011000000000010
0000111111101011
1110101001010010
1100110000111001
1100000000001000
1100100111110111
1110011010010101
0000101111111110
0010110101000001
0011111011011110
0011101010111100
0010001001001011
1111110111111101
1101101001100010
1100001111001001
1100001000000011
1101010110101101
1111011111111011
0001110100001110
0011100000010101
0011111110110111
0011000101010000
0001000111011011
1110110000111001
1100110101101110
1100000000100000
1100100011101010
1110010011000000
0000101000000011
0010101111010000
0011111001110101
0011101110000001
0010001111111001
0000000000000000
1101110000000111
1100010001111111
1100000110001011
1101010000110000
1111010111111101
0001101101000000
0011011100010110
0011111111100000
0011001010010010
0001001111000111
1110111000100101
1100111010110000
1100000001001001
1100011111101011
1110001011110010
0000100000000101
0010101001010011
0011110111111101
0011110000110111
0010010110011110
0000001000000011
1101110110110101
1100010101000100
1100000100100010
1101001010111111
1111010000000010
0001100101101011
0011011000001001
0011111111111000
0011001111000111
0001010110101110
1111000000010101
1100111111111110
1100000010000001
1100011011111010
1110000100101011
0000011000000110
0010100011001100
0011110101110101
0011110011011110
0010011100111010
0000010000000101
1101111101101100
1100011000010111
1100000011001010
1101000101011001
1111001000001010
0001011110001111
0011010011101111
0100000000000000
0011010011101111
0001011110001111
1111001000001010
1101000101011001
1100000011001010
1100011000010111
1101111101101100
0000010000000101
0010011100111010
0011110011011110
0011110101110101
0010100011001100
0000011000000110
1110000100101011
1100011011111010
1100000010000001
1100111111111110
1111000000010101
0001010110101110
0011001111000111
0011111111111000
0011011000001001
0001100101101011
1111010000000010
1101001010111111
1100000100100010
1100010101000100
1101110110110101
0000001000000011
0010010110011110
0011110000110111
0011110111111101
0010101001010011
0000100000000101
1110001011110010
1100011111101011
1100000001001001
1100111010110000
1110111000100101
0001001111000111
0011001010010010
0011111111100000
0011011100010110
0001101101000000
1111010111111101
1101010000110000
1100000110001011
1100010001111111
1101110000000111
0000000000000000
0010001111111001
0011101110000001
0011111001110101
0010101111010000
0000101000000011
1110010011000000
1100100011101010
1100000000100000
1100110101101110
1110110000111001
0001000111011011
0011000101010000
0011111110110111
0011100000010101
0001110100001110
1111011111111011
1101010110101101
1100001000000011
1100001111001001
1101101001100010
1111110111111101
0010001001001011
0011101010111100
0011111011011110
0010110101000001
0000101111111110
1110011010010101
1100100111110111
1100000000001000
1100110000111001
1110101001010010
0000111111101011
0011000000000010
0011111101111111
0011100100000110
0001111011010101
1111100111111010
1101011100110100
1100001010001011
1100001100100010
1101100011000110
1111101111111011
0010000010010100
0011100111101001
0011111100110110
0010111010100111
0000110111110110
1110100001110001
1100101100010001
1100000000000000
1100101100010001
1110100001110001
0000110111110110
0010111010100111
0011111100110110
0011100111101001
0010000010010100
1111101111111011
1101100011000110
1100001100100010
1100001010001011
1101011100110100
1111100111111010
0001111011010101
0011100100000110
0011111101111111
0011000000000010
0000111111101011
1110101001010010
1100110000111001
1100000000001000
1100100111110111
1110011010010101
0000101111111110
0010110101000001
0011111011011110
0011101010111100
0010001001001011
1111110111111101
1101101001100010
1100001111001001
1100001000000011
1101010110101101
1111011111111011
0001110100001110
0011100000010101
0011111110110111
0011000101010000
0001000111011011
1110110000111001
1100110101101110
1100000000100000
1100100011101010
1110010011000000
0000101000000011
0010101111010000
0011111001110101
0011101110000001
0010001111111001
0000000000000000
1101110000000111
1100010001111111
1100000110001011
1101010000110000
1111010111111101
0001101101000000
0011011100010110
0011111111100000
0011001010010010
0001001111000111
1110111000100101
1100111010110000
1100000001001001
1100011111101011
1110001011110010
0000100000000101
0010101001010011
0011110111111101
0011110000110111
0010010110011110
0000001000000011
1101110110110101
1100010101000100
1100000100100010
1101001010111111
1111010000000010
0001100101101011
0011011000001001
0011111111111000
0011001111000111
0001010110101110
1111000000010101
1100111111111110
1100000010000001
1100011011111010
1110000100101011
0000011000000110
0010100011001100
0011110101110101
0011110011011110
0010011100111010
0000010000000101
1101111101101100
1100011000010111
1100000011001010
1101000101011001
1111001000001010
0001011110001111
0011010011101111
0100000000000000
0011010011101111
0001011110001111
1111001000001010
1101000101011001
1100000011001010
1100011000010111
1101111101101100
0000010000000101
0010011100111010
0011110011011110
0011110101110101
0010100011001100
0000011000000110
1110000100101011
1100011011111010
1100000010000001
1100111111111110
1111000000010101
0001010110101110
0011001111000111
0011111111111000
0011011000001001
0001100101101011
1111010000000010
1101001010111111
1100000100100010
1100010101000100
1101110110110101
0000001000000011
0010010110011110
0011110000110111
0011110111111101
0010101001010011
0000100000000101
1110001011110010
1100011111101011
1100000001001001
1100111010110000
1110111000100101
0001001111000111
0011001010010010
0011111111100000
0011011100010110
0001101101000000
1111010111111101
1101010000110000
1100000110001011
1100010001111111
1101110000000111
0000000000000000
0010001111111001
0011101110000001
0011111001110101
0010101111010000
0000101000000011
1110010011000000
1100100011101010
1100000000100000
1100110101101110
1110110000111001
0001000111011011
0011000101010000
0011111110110111
0011100000010101
0001110100001110
1111011111111011
1101010110101101
1100001000000011
1100001111001001
1101101001100010
1111110111111101
0010001001001011
0011101010111100
0011111011011110
0010110101000001
0000101111111110
1110011010010101
1100100111110111
1100000000001000
1100110000111001
1110101001010010
0000111111101011
0011000000000010
0011111101111111
0011100100000110
0001111011010101
1111100111111010
1101011100110100
1100001010001011
1100001100100010
1101100011000110
1111101111111011
0010000010010100
0011100111101001
0011111100110110
0010111010100111
0000110111110110
1110100001110001
1100101100010001
1100000000000000
1100101100010001
